.9999997436523438	1
.9992798034667969	.9992676452636718
.9960194519042969	.9960410400390625
.9864911865234375	.9865350830078125
.9796137817382813	.9796080505371094
.9700417175292969	.9700633605957031
.9568071899414062	.9569231750488282
.9382800903320313	.9383428100585938
.9111712341308593	.9113719482421875
.8688439575195313	.8692747863769531
.7843122680664063	.7851782104492188
.7529884033203125	.7542467529296875
.7079208618164062	.7077303100585938
.6196825134277344	.6213248046875
.5871033569335937	.5873519287109376
.5436312133789063	.5504774658203125
