.9487493910843156	.07868099856367339
.9866081678628045	.38381268326347684
.9876319498999854	.5045752582276379
.981145979923763	.5937682308931113
.9749266248724594	.6329956114793706
.9659379546713345	.6603163640573596
.9532525978296807	.6848099576526526
.9353033690770471	.6907494228103916
.9088452622468259	.705241016272758
.8670471003025292	.6975158683905295
.783369953377119	.6666122642618799
.7528119796794103	.6474901806514644
.7091180563536554	.623908314892148
.6293170205216576	.5723963034882074
.6004566662944295	.550418304481363
.5638255413857122	.5264991191267675
