118.67376112555672
224.6428193325565
145.5196589621812
79.48066612001983
128.73466778621423
165.99618227106896
151.4935697988115
146.28792456583423
181.77412853052994
233.94787105763976
291.4698130914378
362.35437231701115
435.3213208868392
488.9646573229954
497.6942750839153
470.7327385790527
459.90967017549315
463.72657466516796
470.9725240675364
1588.808357105218
1309.4168374319868
1189.5291778186115
1210.7034180458834
1171.5732464934028
1186.2215682021297
1198.4252071427109
1218.3798737025963
1215.3647308890504
1223.5415342173394
1253.7041508876828
1244.101311208181
1211.875665247902
1193.1369121028674
1202.2434058887743
1232.0663820532623
1214.6254236334976
1201.3791308753032
1191.2616372984262
1218.0550378816206
1598.5716145946753
1481.1537357570344
1460.0007130036715
1499.8276186166897
1481.8760026542468
1475.253887455667
1502.3188714380974
1484.9828140807394
1487.2455790899662
1471.0358995190154
1476.934741768927
1486.5726071570648
1454.6174409516839
1445.3548651388867
1476.5562145106637
1475.149181362566
1527.169499223816
1454.108218597899
1446.2274865242875
1486.4668923810862
1623.8702561901114
1609.7327135799887
1608.956763031145
1595.1628709299052
1544.828320592217
1527.9392229212021
1530.6452366388326
1544.839181086942
1531.7850860340848
1529.6488296404636
1586.5226780150872
1533.9142345122684
1554.8763009095132
1608.4305227496152
1554.6280883063528
1561.820801488424
1524.1092312986075
1560.0022810292764
1569.1277085481013
1518.2474296977566
1614.2694705154252
1579.8987909560205
1594.790627359657
1621.367921621651
1577.172665813517
1593.4069201292618
1572.9846299912815
1576.0457561000842
1576.8359595570519
1609.474481528768
1591.0043736292312
1579.3168774471442
1597.393934773937
1630.9855281203754
1624.8476482762962
1613.6730900282046
1603.7793512058413
1580.9694735163218
1619.477002400785
1596.696361918549
1588.6442827490569
1637.9838396231207
1592.6542780023058
1595.5433510896037
1591.6576635382112
1580.549279437178
1586.65811586046
1553.9802370309799
1608.5351632632214
1550.2793999309752
1589.6041324180042
1614.0627829204573
1626.0157162217633
1612.8975428051713
1604.8259110866825
1640.8562230208065
1625.3587578245056
1625.798076941294
1589.0286530398848
1561.2683136275828
1586.0033988149758
1590.0338093809853
1588.5091643936476
1581.6384775841273
1591.261084598245
1593.2381933389574
1577.4582294715929
1590.5760279795816
1577.958181113347
1626.3557272736923
1617.7672541198071
1613.1859812008188
1616.341703082493
1625.3506596235516
1577.2028237303607
1624.3201324360848
1650.377270505854
1611.8822080755526
1606.3428159258879
1564.4852460947955
1586.1826316050324
1599.7392482914697
1583.9244648453343
1586.052417162328
1606.0584693129147
1580.6082558541123
1602.3865220969274
1626.3783549070827
1626.204930830347
1604.878383108216
1619.2165755050576
1613.2843881365407
1619.339664608951
1604.7008759523446
1632.875215987086
1605.5346229148179
1614.2036609479524
1606.813115070382
1579.6871308560292
1619.3407252337463
1630.4866452529038
1621.332431094644
1605.7650145913017
1608.837264861376
1603.8245226341521
1596.2157895521432
1553.6818828399332
1607.0713395471976
1597.2084290182204
1597.2583433277455
1582.3517584229821
1535.706250339384
1579.7616324184146
1611.8456387279543
1554.8428250612649
1579.5372496902244
1597.6216375622716
1608.671588381229
1596.2855745303732
1600.5618589350852
1545.3442139739523
1618.5765947718007
1654.7243835926438
1624.125450700454
1583.0093364220002
1620.5385024083096
1565.8947739697762
1632.0797496833761
1578.392900632048
1585.720916202862
1622.3117168743665
1624.7297511825468
1612.4267891916434
1587.9393033341253
1585.4370099039086
1636.9176081082599
1620.693643376093
1591.547013499232
1599.435016170607
1612.1276454940241
1577.9432812926254
1604.606700790853
1584.9362409945481
1589.41907361331
1598.5898190802295
1588.3515247163718
1611.291172404944
1599.499537749623
1611.1850999663006
1603.124947885181
1598.352808572315
1600.4248628858027
1613.260076302363
1612.2428628845714
1596.6253486050787
1603.028835108301
1610.6186103462637
1594.7522505216907
1601.9292413821006
1614.1863601345967
1613.4911440477447
1589.8981433865822
1593.1992627921554
1573.4318272654532
1577.2508514880847
1588.8063980548159
1586.0640017498483
1592.341332170041
1585.4910669312992
1576.235896508162
1632.134696098221
1612.3589748985905
1591.6763782320158
1587.8525302342423
1603.2765700687899
1573.3301879113205
1612.167829607857
1589.2725888363996
1586.3944404877986
1603.763119651918
1581.741492896236
1592.4880147054405
1586.1229229875885
1579.2087269255705
1606.0009025588854
1599.825057571388
1606.4604677607254
1550.9627981288545
1625.4702864579585
1669.8491400235732
1618.3051457443053
1608.3647872044571
1550.6072950876014
1560.157652957137
1579.8499162665166
1593.6372738605835
1559.8953420216844
1587.4970135384951
1618.0550749424626
1611.9153530235908
1631.7499957407506
1634.7920206650858
1602.3594676471416
1631.8932664568238
1608.5160785127964
1598.751600452535
1617.9381907020877
1645.3521025761038
1555.0389650773213
1556.1954678146667
1622.6904362296398
1576.0910014644405
1607.8519132026763
1603.228202374246
1607.380566908676
1558.17738529851
1602.933645133724
1629.4829532512028
1627.8334192477041
1643.6491561751586
1595.19066706263
1567.6544031992476
1615.2420103455681
1626.1923107585203
1580.8264979029282
1592.9080787204405
1600.6153875185487
1583.3689144034424
1559.290527043954
1581.6829097603277
1619.5218134297384
1588.1093004048894
1601.4374940497676
1667.9752473702936
1627.325204100898
1601.6665072818337
1604.1173884051307
1645.4540702873082
1648.890815056275
1647.1509264288804
1560.7167948204194
1599.9887828733033
1606.0375862856622
1582.9261102898756
1613.6013756823236
1635.570711178908
1612.7600193607623
1630.860566755627
1613.5202321459542
1554.3974853253349
1586.559387543999
1610.8933017272623
1568.1721009274988
1575.6795609307874
1544.1023389894867
1542.5640168210582
1570.7670590524701
1584.3190114401295
1622.5259464651217
1590.2222406717365
1582.1813985103336
1606.9833535220705
1619.5640294836983
1621.8881140557558
1613.491092443533
1594.3215250138574
1577.6995188059554
1597.0602095004363
1600.4921969095535
1597.964422696294
1618.3257513371327
1597.038413922252
1597.449238335606
1573.9405683244545
1584.6203054607872
1542.8060492245622
1598.6345733039693
1576.3071707681465
1592.7942264692565
1562.8023227527904
1616.64779511347
1619.4285648535115
1630.199977297857
1588.7892362213756
1608.151668444943
1550.1013344698783
1621.1941889676382
1595.2317936987472
1609.4903952044265
1576.8751748837446
1646.1971170205252
1608.5064983121622
1644.8414436940152
1658.882936188829
1654.2497564333949
1600.5221310599297
1591.2082521998027
1583.856973556863
1613.0295081126005
1620.1765592649651
1606.608403639287
1618.1111862749192
1625.6044769908185
1637.011936906391
1621.3256055960774
1639.45450138712
1607.4951092844615
1605.5430222987557
1604.4886718922594
1619.0192470523925
1580.2835653062198
1601.0455994944832
1607.3794395625646
1584.5031333618888
1533.0576442841011
1625.2610811481743
1600.0954155813315
1622.010409344168
1605.3351720862545
1614.89445313629
1570.0925609635894
1587.741708697142
1641.0896774327925
1624.8358554057922
1600.287979153653
1642.0533894221016
1585.0756274055148
1619.6656169642606
1618.6836826537208
1598.6732573796573
1595.0807536201285
1590.3006732656427
1561.3368450254238
1631.4060471991938
1610.6218962134903
1605.238902105179
1652.4966140998083
1575.0065981509679
1597.0406255995908
1617.479829133018
1621.8454029187626
1595.7551348159743
1566.359740287347
1546.8487038876303
1592.056286785249
1627.8166000915899
1572.0454642518205
1613.9400192356452
1570.1918968246646
1657.9986695893479
1622.8791296991308
1597.7319457937358
1570.4951121211245
1567.3355862796714
1553.279175768113
1575.9025761027042
1596.1106316039306
1592.36480376389
1595.5341467471114
1582.5249717351935
1566.3955589537452
1569.7205130752322
1570.504142967678
1597.4185319275382
1620.0227694495509
1625.4169820852917
1607.3273802548501
1636.1438106051783
1601.66904709452
1578.218933057048
1596.0495215101373
1651.319189194187
1626.0445704513063
1637.3320033492719
1635.829108105017
1633.7742353412332
1575.261176964886
1612.8416876643835
1630.1376977612226
1615.9512492055687
1551.6450469262443
1595.4668483207222
1607.8609963373995
1588.482158203197
1617.80067102075
1567.3231079937723
1549.6938299366075
1622.6567968332201
1635.2793449194623
1631.903524872453
1595.898538368283
1565.494782072961
1590.3126447631532
1604.4572944773731
1589.362664062869
1596.121445402509
1580.2124819748476
1630.4059754223151
1590.8099494757707
1598.5392548902985
1614.6867601350625
1622.3327393934437
1600.7645903551988
1593.559091124901
1568.253840411382
1596.6387258709442
1602.6626214636792
1619.9899975609983
1622.3816827682456
1617.0370202594913
1613.414994759928
1594.8624714708494
1623.1242377547046
1637.5517597605433
1587.9548802917623
1605.9909560920194
1585.260300286718
1561.7689547367204
1557.8135545072425
1605.1322822223692
1630.7974537208856
1579.9232128848937
1593.618789742443
1571.626970150247
1589.6102275013968
1638.3752620535838
1604.5951571983771
1602.558931855675
1557.6534038971379
1612.9136622359888
1602.0686158235906
1621.6415452027516
1608.868296152013
1616.9849741853473
1626.9897340420346
1574.7174699746622
1566.8133778366264
1622.8668851371324
1632.025860446314
1575.9451171685596
1556.590665691624
1643.8475277060645
1600.2980294388776
1597.5530763709144
1605.9572820698663
1586.7718749561495
1625.603654467939
1623.9060017904494
1621.7975269412086
1603.3122285444213
1593.2635716250174
1624.5940610825924
1581.11608099669
1657.6556625144096
1561.2328577965868
1631.613880720843
1633.751101186195
1614.1153217218878
1570.3734591740172
1630.7970202088995
1611.412593809047
1621.7345664329846
1580.374790927409
1616.1167083543855
1569.2158174820831
1596.8583777012734
1628.5796946712924
1602.579442788286
1601.565454116128
1597.9985224472837
1625.6143313917578
1584.7899969754092
1614.5934036173473
1569.8313235766977
1630.8174053165492
1615.4267676664385
1597.068375074444
1600.2270049050414
1627.5594453594467
1610.6208592554362
1618.784962284035
1582.180232914134
1642.4964155595185
1589.937621190443
1621.5507430297575
1589.719485106486
1569.1487855458586
1604.5778725618368
1586.5489511567355
1553.371042415615
1595.7420497560379
1582.8897937365098
1587.8679503702815
1610.1842707185588
1588.3284147904778
1575.7148182985725
1597.025739920851
1582.5126140356401
1600.1268096725323
1604.1270600061453
1589.676161985669
1619.000604406124
1600.1081725888537
1607.4616600794452
1619.9056629217173
1608.1507637733207
1612.5996587792267
1595.9654232455748
1590.5302845967556
1622.1005174721515
1582.0595928489838
1582.6156994617927
1638.5631348128913
1598.3849571871237
1591.9905906357494
1595.3986677968444
1629.8264025174437
1638.4723859958617
1619.3355074906408
1592.1997034490707
1628.4295631612777
1591.561284325765
1627.8643834947554
1596.1850706290884
1569.6664856279147
1596.4248011642833
1568.492720756131
1581.8756362878644
1607.5179290388419
1605.046537441369
1602.205407446319
1604.6949179544222
1608.8147982292246
1583.1787413347886
1604.4145820832002
1590.7203407289344
1603.972319185769
1629.039816218084
1587.7215104573356
1585.1936395531452
1635.3154101210935
1607.2828115093102
1600.9163769762674
1588.4316491141044
1622.6827263981768
1610.5009170972955
1578.4206049795366
1635.10348085826
1641.47099441985
1597.2736832724813
1580.2899008349123
1619.1445186164058
1616.8435662506643
1603.8045316736113
1625.3836184848112
1591.9220548183089
1604.3213413472663
1605.320185610786
1600.2147788867283
1595.8046541691215
1622.799094005593
1614.9404469179542
1610.6085271355896
1646.3625237783533
1643.3419358580643
1616.1087402329802
1590.3902276987137
1585.8609925372662
1579.9492831507825
1586.2112100816935
1605.2985227120066
1619.2174426043007
1607.675080767317
1608.7238805461252
1616.4373071263353
1576.5841478106288
1606.0322132359158
1608.4377213394641
1560.4804525393283
1627.025601434509
1645.0050608809836
1572.53744329622
1616.8537295228539
1613.596613597589
1625.8410252019394
1609.7319020118885
1618.2967464339358
1619.0180547591433
1628.9615350754566
1608.5266046613847
1645.095101406829
1616.6264175644565
1617.5038230475661
1599.7334223059183
1613.9140317525175
1609.8902327556277
1609.7361760963472
1626.7857274026917
1602.5244895832302
1613.5542151847485
1610.7950865926603
1625.0113385099519
1585.4795286908309
1627.1778052694744
1589.711504244533
1594.7079567480873
1622.6004411819208
1582.5757789323343
1612.5026664842994
1611.3395621061472
1637.5775980984358
1559.0848949619326
1598.0158764956345
1590.0924339117182
1572.6766892838486
1592.1743939546432
1589.9264784903432
1602.0548574674333
1584.855964613885
1559.4639834734005
1608.5324932507092
1588.443499920286
1597.9017711164956
1620.5357047169011
1602.1431516429416
1624.6519742141097
1640.1922774669429
1620.5491782354984
1585.9900200814295
1620.2219615520721
1622.2636383362592
1592.5148540026512
1611.4952668238643
1592.9983152647721
1589.2742227997403
1610.1282878367183
1602.4845884294086
1618.4427205165762
1632.0085992124705
1605.041667466713
1621.7127892337587
1560.3734708088618
1573.3454369820074
1594.674670024393
1634.890724380742
1579.954574168402
1588.0671883719756
1617.1293892178603
1675.042048584852
1609.1166875332954
1593.4391340398233
1625.8319090569994
1634.9637234468037
1592.31836641651
1587.236227977556
1631.4861506465056
1575.268391437231
1553.518513230085
1608.8524617537153
1584.2263326193347
1601.8221599911608
1576.805838030325
1578.6451895464054
1589.730052683535
1610.7562367911366
1564.1967797448988
1559.3114854857868
1575.2603518992646
1575.2532327559416
1565.1749424356158
1641.502473259486
1586.1856309484538
1562.742571275096
1596.3514095767687
1627.3124576629841
1671.9058482849332
1613.0219981622652
1629.3373869367142
1627.246315048085
1584.639629318891
1617.7110673310492
1594.120741264886
1638.2627981570984
1632.910218316741
1587.2171265701159
1581.1200441154251
1584.5899364663458
1547.4685808618856
1595.39686964695
1621.871147735112
1623.249488747902
1591.0165657866826
1605.5661316632832
1608.6390431046736
1591.3841871332654
1595.6048499823185
1575.904376869774
1611.331159736727
1579.2247785885904
1600.6292982786035
1587.8034188894437
1587.4081328066313
1599.3654636822562
1642.5379977467942
1652.398133128998
1580.8708349750914
1597.9769383508656
1554.8142210366059
1614.4240807637984
1592.9925565968954
1580.2632099305217
1619.079524276513
1615.8472485963246
1600.076991140775
1607.7802762801962
1620.5144689385247
1635.9919996553115
1580.9418198005606
1611.2214508476836
1613.1120687252553
1652.0409384617178
1611.8571407526424
1612.3340092038404
1584.9360866519908
1606.2712385543418
1558.8577923095816
1604.117432296887
1585.2797141475658
1634.460926484656
1583.9423975761501
1551.82671948498
1610.7117470815028
1561.3480146018471
1565.05774160587
1630.031256319112
1587.5029961531354
1550.2242957176836
1575.6431486618956
1595.0332865971047
1606.9555531788847
1610.4381059090488
1620.0285288141642
1637.1455027793465
1649.9793934993281
1623.8520423238317
1612.614025803563
1570.9242182786975
1566.102984512254
1614.604458201457
1640.6615988784074
1606.627007552867
1605.687145467859
1574.0993948035214
1562.2206561273958
1588.3200068338815
1610.9101472160448
1593.3362599372733
1621.186559741434
1611.00153156446
1575.8490455198514
1622.5248417466225
1592.6758138025193
1588.023480650414
1612.6545819228375
1633.4359645775387
1595.3951149188429
1588.8097568865398
1597.259057302731
1612.0332416636716
1589.24961734813
1635.704029699547
1594.9361380056755
1609.8561189824813
1604.4218762327614
1590.348013228146
1570.0306188491093
1573.1975813870993
1598.0924221792347
1616.0136649609233
1650.852246442376
1612.3415804451379
1635.1462141935308
1540.000322449656
1596.3341493482744
1610.0805652841061
1626.3228354433766
1601.6093981644244
1594.120559878283
1601.698621078157
1596.179061665416
1573.2474146504424
1627.1750999751366
1596.7615663447052
1619.8487532930262
1580.2810371926928
1613.5078591895542
1604.4838427789382
1621.8448483475518
1636.9670308657755
1603.4455631741225
1641.885679555378
1597.250024229938
1620.8429431838817
1619.3846862800847
1619.0396790173668
1614.1117823497111
1626.0308279852686
1592.1887775028047
1629.5976985857953
1604.7124551076793
1618.3941904141323
1638.127129748862
1664.9154664159503
1620.6976425661167
1594.1257936393054
1610.3255953924481
1623.1339560822553
1595.105553065586
1573.5211246658405
1606.6228019985977
1617.3903738440877
1589.9529223830145
1632.7229267774524
1618.762453302874
1603.0698122040853
1589.8826502857833
1547.2324497485054
1582.4615570005471
1608.8766174557845
1588.820729086523
1638.0667096152854
1605.0830272046999
1591.8236334860114
1594.4597315341277
1618.689065870472
1572.4305221217078
1558.6206663149258
1563.3093646110078
1583.3395920780242
1612.579532628481
1623.8195325054082
1600.3475883899973
1621.496663523959
1592.4229072443613
1635.000998671817
1590.7292323096435
1612.1411544576706
1604.4650558516073
1612.2316896630236
1602.7466247561515
1533.5882800454394
1583.2713431091956
1607.6480570051551
1575.1565877181774
1634.1537241065862
1607.580653160385
1584.998309107078
1627.6974995506112
1595.083971212677
1592.0738208183725
1613.786456604526
1573.694182635994
1612.1909225223349
1639.6103144617637
1648.8215743733917
1572.411740287786
1593.971346527258
1573.650649727282
1573.6159478594277
1589.6506354791786
1609.4566207495252
1625.2435514672043
1602.608269996351
1601.632709502514
1569.10047041929
1594.596320354387
1621.9133253783561
1615.3933710071356
1633.309854832772
1612.732304576122
1637.6479616995496
1609.3166049174622
1549.2054446570617
1562.6967222700337
1614.381282206247
1638.695265039154
1590.1743482580932
1556.7941333070582
1600.134723457119
1584.7865870869475
1599.3563597122766
1639.9437394512597
1617.446726271977
1620.818356878303
1629.2128422133287
1635.304460670433
1592.2112122626186
1575.231637225979
1601.1241742296545
1616.0225668022592
1637.1057874774594
1654.6591473721423
1630.9924641307568
1639.978965814737
1601.9545130353076
1589.7509664786476
1624.7795453008673
1624.7213177136869
1615.686450025818
1589.2866996715616
1629.9241912699465
1675.358072999969
1622.5563236363746
1613.5935514466073
1599.5709090216155
1602.261056214674
1587.9207891132914
1567.3255469759997
1568.5585368815046
1604.9109907781485
1595.887696963126
1604.732945077587
1610.8570617389228
1604.85877088456
1645.304862891336
1643.0313894244564
1638.1210718381726
1645.1227065804198
1621.1009571173363
1636.1407048360143
1599.4932779610128
1615.5394424246983
1664.9078007562434
1629.1016739874547
1573.902490981633
1576.1897904085708
1583.4938542098164
1617.1329040343317
1595.2727367074613
1637.1104300107822
1575.7698165769475
1564.5342042413622
1577.0877437505083
1573.0931443357663
1617.3445978629784
1622.0063781094427
1678.523827746426
1620.4448752304004
1604.1622665620616
1651.2483359979217
1620.7777933998368
1592.5113022843393
1618.5974893203365
1625.953936642392
1598.1852618561838
1641.9937108879276
1605.1796359309956
1588.529124072827
1626.9951685273168
1651.9488242176842
1606.5899257950687
1587.084503737929
1549.422196383569
1578.34354061883
1579.9070100537815
1546.7450151408589
1596.7514412939602
1617.1080746170157
1615.0235599473247
1575.641907311918
1629.8274398665972
1602.8024472278018
1575.8530766030854
1586.4537504555783
1627.990827624002
1589.3078995141527
1621.788563722483
1613.4356433962603
1613.184223919435
1590.5343975581864
1586.9042311504904
1614.107504208731
1602.6341415432537
1548.0732493480218
1555.0236961067199
1598.327328497944
1583.2659410724523
1624.6675162411043
1597.9282868583796
1652.4862381291966
1662.8913380863685
1612.3111181623485
1551.8168063095961
1578.4055708560077
1572.2491333552252
1573.1305354206486
1588.254673411169
1615.3386780854407
1634.4960683350305
1648.2969815475208
1588.6843128021633
1551.9320678413778
1561.0132116125542
1589.1029905201965
1576.5079824927834
1587.7146104325302
1582.6510784596305
1600.3188970925885
1560.5340803409053
1568.7941467762291
1628.5288105546056
1625.0553765073673
1595.9735314459483
1551.3258852695867
1600.0986850434936
1605.678149720875
1625.1032870391207
1595.9778685919343
1618.405588391396
1620.9503559792308
1618.0852146070936
1612.3188324072567
1592.4879328257555
1623.3055295841466
1626.1809385344939
1642.043315460115
1613.4157670071456
1569.9328609729941
1598.701284677852
1578.6796121901616
1598.567934427163
1570.4798389417947
1623.6690363786834
1596.1224530609252
1612.466374571699
1583.9080510025601
1595.3440537377862
1588.8611472893476
1622.9246244396443
1589.6854119300058
1619.7918984438274
1558.9196107342277
1585.504962599626
1632.563244544655
1582.7602246510246
1608.0322528658112
1575.1479585789898
1618.808680249433
1616.9885001788373
1594.4109960858907
1579.2261064207025
1573.110031508158
1543.2889809605206
1584.7325252890769
1560.924371123932
1611.736194984458
1586.5381531105027
1637.7851440724717
1649.045230894296
1614.6044494280807
1603.0434318804755
1579.1144352324507
1602.5354641648948
1580.1467888421303
1626.9712625962381
1672.3071174305846
1638.8778801580288
1629.3190727695824
1640.0540091602957
1590.245942353915
1600.209549836145
1590.492679901533
1597.8672131263756
1617.2047714579473
1595.6488416576758
1602.9062580036198
1604.0313091855407
1620.0368551775593
1586.0109071034858
1614.56309125274
1600.4401999082
1569.8510230966979
1619.8593061802385
1614.0125186673029
1570.0564939037881
1554.1048357837965
1598.766996686055
1621.3013940209437
1588.2044959675086
1608.8521440151062
1625.9259397858498
1604.217867771677
1624.1116020289599
1605.2635464694667
1598.184369238128
1590.3495696546447
1567.0357456795705
1622.178355575447
1611.5326461210702
1596.3280662083102
1583.6277860630607
1612.3169270983044
1634.1832618882213
1640.5996501771037
1593.4836627819977
1579.6713482074283
1593.901540214871
1602.9237652124523
1613.0091947311964
1640.2417806981703
1622.2186434632408
1611.229527633371
1570.6725602452868
1606.4257677074743
1616.2689108184481
1604.0747688337763
1627.0207436756107
1613.537258972055
1635.2637432970382
1582.2564690004292
1618.8178450750129
1624.0688240124512
1566.876386961409
1588.627168095523
1573.6511744301602
1533.9555265586678
1568.4412620705161
1587.9134557219031
1602.0478581427178
1621.2631453653185
1587.4649237677509
1635.0122998143333
1604.4612018865123
1585.7575437988626
1610.6500191833495
1629.4038126979808
1592.0487846232368
1579.9528547316572
1619.8315987110477
1621.3767479565572
1589.1803334097863
1612.1541822470667
1558.0275729945452
1569.1416528917646
1624.0017243877317
1620.5602072274332
1595.9171507685892
1567.4643682109381
1608.0407146698326
1642.1748107925469
1591.7675682555127
1521.3506616389964
1573.0129452387198
1566.9171348720195
1594.0949524774792
1595.849995063726
1603.8063785355203
1574.6190709302352
1576.919718651093
1531.7459580235293
1579.3171351355397
1588.0293424017377
1611.3934997271504
1599.467320719563
1622.8577868052225
1604.672736687591
1594.307003804111
1604.2385107076752
1618.5241664793389
1595.4136083137464
1546.7493002703832
1553.9428708958715
1585.5322075917406
1619.6589466757935
1656.8218837426095
1604.7988498379602
1595.1749590350787
1590.3865008743862
1602.2710269498593
1608.0281986512164
1609.5000750230763
1565.5748110700792
1596.8637110324157
1605.559320255402
1584.1969002750036
1595.2567985170988
1596.3229395887138
1645.7064963940497
1582.236782021868
1560.8590424406298
1586.2361166009493
1595.5766076979862
1546.8173434086111
1590.9702577257804
1571.6610637266451
1608.656516813846
1606.0090414958484
1575.599373449309
1544.5620608217216
1617.5998968310096
1573.1023415932495
1612.4505961341345
1567.7872277594552
1593.5566896967111
1574.8804142811878
1623.248884684517
1574.69637327438
1539.278951803048
1618.3876400043732
1623.9531304536933
1586.6775745058915
1580.3452990604867
1645.5990817224906
1610.3239735169366
1566.1690486712291
1609.796380042916
1623.8448785326623
1673.923129818524
1574.999646176561
1632.1286381864722
1632.0993430225665
1543.3861785030165
1562.1719844673296
1655.6841299766288
1652.3581367246172
1626.255197535304
1636.995858339872
1616.9269469932653
1638.4192559129071
1601.38172900466
1582.9300309841337
1631.3409352810024
1625.6108455275937
1608.2972614967512
1603.9680308770153
1592.0190961206551
1591.1569268858236
1615.8428652609412
1664.9643675709372
1590.8326876720935
1611.999210214557
1643.6259172038756
1606.3478334400984
1636.7815550364348
1634.134695242539
1618.3215591721985
1581.0637633305473
1593.6680954333278
1624.9669779227554
1602.2479121121896
1617.834291693856
1625.1510816367093
1653.0663124629607
1609.4889049132812
1620.7491953716194
1618.9360280328683
1597.1245930374214
1596.5829360673038
1606.8181182681135
1617.681996826257
1610.9327007756342
1592.0419105491571
1569.1880871296462
1600.4758957742777
1604.4984651959116
1640.4663754675748
1626.660405654597
1602.0913654588887
1612.510949133414
1557.4681215649048
1623.079850217246
1649.914843033095
1630.5221679936667
1610.2238404173852
1596.303840603468
1546.5548451120717
1593.732957441251
1627.7630414802197
1635.2767708993995
1611.8996878805792
1600.6001162216803
1613.5705803136207
1571.6954177630964
1600.256151920085
1614.170505351595
1569.0464794481186
1558.9099556905746
1599.7325147483687
1609.9090810386267
1616.2074067485823
1590.6098937679583
1565.1391583141608
1622.8227307074783
1593.302681187448
1617.3659315668297
1585.4307521894345
1587.9849619553647
1591.662251801101
1624.798504048047
1572.1904823051423
1569.8088014855412
1585.273799053057
1600.157541006149
1637.522560851857
1623.0475268703199
1593.8117756268807
1609.6268897899222
1643.2391334741105
1575.0955364775077
1634.2554332707145
1585.7035733237929
1573.6666939355637
1560.1332299847559
1578.3568610406076
1582.3691263237897
1598.8619750823448
1605.4492773719664
1634.5570882109314
1583.7945647340634
1617.1372090810125
1623.7005545859251
1660.9845561328684
1598.9629748586049
1570.0219925606966
1598.9338870705196
1599.415215390935
1556.3951014654137
1560.8891183084752
1560.487645888085
1571.0739820104438
1606.5635340743947
1618.0950638239256
1569.8557996180373
1576.3024924723145
1624.2658561507017
1599.9794247002842
1624.1763104678007
1591.9429775608996
1604.1085903260011
1591.0022460778284
1564.1321698779254
1554.1514106239472
1580.5153567441391
1566.0145688306507
1613.7428270390199
1584.76171027234
1586.4417302392262
1580.1898462729205
1591.646626510972
1590.208031147068
1607.5782598263029
1604.825736468015
1615.5903710595608
1617.9383735688205
1600.7121346183244
1613.751600527248
1622.0681495759234
1608.7838808919996
1625.4707975023746
1627.348670361592
1596.3071359530486
1594.6227995944676
1620.9773589548836
1629.618232450568
1584.7137079912332
1617.6506121915654
1607.6251843047887
1630.000394356465
1585.4314832048478
1581.2772609444437
1627.9567910165608
1612.4826566514437
1618.852125987974
1608.1389627519861
1645.9717282379574
1625.765848243593
1610.8846716521043
1594.9333163561148
1610.8266924885413
1610.3925696397794
1610.7205887985956
1549.85456975003
1591.5652368026203
1600.9214815179287
1581.4901123274472
1583.324386128694
1586.7545123211876
1583.5310880341628
1571.4525498661949
1607.0496976855234
1565.538531134488
1562.7932108623822
1572.3815164043078
1628.7264500548058
1611.760572349055
1600.8824951377485
1607.5864201359811
1573.2693046274014
1599.9391963918881
1603.348535016732
1588.8025438386733
1591.3972289871308
1574.8167446301454
1566.0078715165564
1590.1554301738142
1588.6939649734181
1581.1487315535624
1617.7142161648658
1610.2914845518385
1576.2174593678146
1583.2048308754624
1598.9269130453363
1630.2434199368386
1596.3547543896104
1567.4299624931102
1572.9623523510713
1605.1981402490014
1640.5719174167173
1577.6880716479427
1596.6747335386744
1599.1046494015868
1623.3737618494597
1615.8525472470592
1574.7649154968658
1614.4902562741167
1618.8044398788938
1550.550242325394
1580.8748050167594
1593.1648702654516
1593.802934114727
1578.8946776909881
1582.3087590130317
1583.1643515634298
1614.813671409341
1579.1282246461028
1567.681514369008
1565.8282966294107
1616.639566390778
1635.4160797144968
1600.477302226695
1614.5196391446389
1609.4514124735474
1609.399253947633
1593.8825787785188
1578.961058724875
1575.5750743230954
1605.3252959305055
1616.4535767380264
1606.3184386353682
1642.2944413431705
1599.3772855385282
1640.8599630368294
1631.0363159293306
1644.9542913607247
1633.1282594248955
1617.704347153152
1590.7044432400955
1602.7997723416222
1590.6902516612777
1598.1775240106629
1619.1714785043087
1627.5991081715758
1586.047768137421
1581.8939347576436
1570.0571313465666
1589.0094070197263
1627.5916805273955
1600.6788410913825
1574.7554225820913
1536.689043521043
1604.4060840128864
1585.3790448931813
1601.992184072094
1636.4779186842386
1645.851366216569
1619.8163906821787
1589.7707601042684
1578.829605552614
1527.78892566551
1599.8836214159908
1628.6560881876558
1635.672185351331
1603.070794942007
1589.3220110117231
1642.8030352038895
1629.1716108877522
1598.2702867121716
1602.0451343023183
1595.5861404883142
1616.686852121004
1541.301634957184
1568.507715506186
1571.4955474336339
1580.482700415232
1607.1009472087499
1625.6471154364729
1588.4946027919325
1593.8944834985891
1636.1911206306356
1618.718698935266
1586.822061495361
1588.1346531537472
1617.8269978102394
1592.20062537477
1625.1776849647931
1566.4432682961105
1617.0894277040134
1644.7388878417207
1598.9135647496123
1607.2550079691416
1589.997533502193
1620.248017699196
1596.8110474159314
1625.930024066282
1615.574101742653
1628.3781336049824
1623.5943215029904
1625.2652553081543
1622.2838437832772
1625.22693050702
1628.0895937957966
1647.623452544652
1607.5998754169136
1620.4869447048136
1620.7241320876922
1598.6492623431088
1608.4435659424103
1592.0446929821344
1595.1965489256775
1571.5996514335525
1615.6087858458386
1606.2677975668125
1603.2847897567613
1587.7789103945463
1560.9862712507067
1576.615013089222
1555.9684810049407
1548.372165282325
1549.7124374882883
1587.4543903447993
1614.4486069074596
1612.3204836461584
1581.0014724850953
1646.8308939987692
1626.7008665754388
1600.0606377005934
1587.7793016558207
1633.8873345472882
1623.9061883341433
1605.3254418631059
1624.9723568522406
1562.8264210734783
1607.5658765543421
1615.8126420480137
1571.8509202835876
1584.2860868145533
1624.9523962116516
1621.907406337053
1632.710461821091
1675.8518023828312
1655.0645394625262
1606.82279241922
1576.037960536189
1594.9122573283503
1638.0420432643089
1619.717332151949
1587.0546868480226
1599.275962601792
1646.1748270121689
1587.4113765787233
1556.770225123279
1628.7678633450814
1609.27378136989
1600.504015219261
1578.8010790285916
1581.9738422690177
1570.7235102831821
1597.0629116209434
1600.1785106881935
1617.134489484933
1577.2953007315032
1618.3258402769025
1628.7442323549535
1598.2978300232005
1602.604570302446
1556.4922435467467
1590.4752597459023
1591.6503076381318
1612.3217446794142
1631.189454820953
1590.135066086597
1581.7435789330248
1590.649613058836
1593.315642863837
1582.9103683069739
1608.635736639357
1545.380848857364
1615.6964712410288
1582.3813938389862
1614.3448970226605
1611.9133186079487
1613.5064052772927
1618.4609942534016
1598.7163840583462
1612.8515217632842
1571.7342528578292
1553.0759007830468
1610.3414162642525
1619.199419205572
1624.8400667840615
1615.2820534932378
1588.9211515475472
1607.7850109930382
1595.7563203128425
1562.2114335378374
1587.549571786576
1617.6382060023752
1601.056806147473
1610.6597117528595
1656.8520985854202
1606.6842642380107
1615.2308238235528
1592.2521062263177
1588.7548578721744
1610.9712695861404
1581.0088397079012
1607.287225542172
1579.5093056461217
1582.9920972475425
1584.7910807800308
1597.828206204234
1566.0466090661748
1592.5940553833889
1588.2868737134536
1631.1294815585436
1586.8856961625968
1601.331242996256
1638.7971510730922
1595.79921175023
1572.2020476380221
1590.9706047850557
1585.798078339659
1610.0274234772937
1624.5505083155322
1625.615213723785
1631.3438626630482
1623.772618973468
1573.2919642678721
1571.533882642235
1583.9786200847861
1612.935177168975
1591.6390788243912
1607.1714788456293
1564.0945060722668
1556.3250629451397
1571.529860424521
1599.405236460358
1605.6718217232938
1612.5553193770543
1614.9122943912685
1606.4407638504172
1607.6546631427332
1616.5593697571235
1634.9521305017324
1641.2253632437778
1613.3904314791694
1617.7347145799686
1573.9328850267812
1601.858251581146
1588.965129348046
1606.1275156454033
1590.9056851786063
1614.7517433413013
1631.0101880910265
1627.9498208837215
1632.2758746323336
1617.2262494747547
1583.5045397457259
1579.1558247526689
1609.5557393188765
1607.117689958506
1560.9293264029852
1640.19360866135
1606.6137618632156
1598.5635946074674
1628.577196182907
1602.8484440007942
1633.8038143058936
1618.475086645958
1583.4102973269678
1601.8685931706555
1612.604674660713
1604.6655795324202
1566.3385859329157
1626.5038234629346
1596.870631587516
1591.8778458984748
1564.6954172140386
1571.2024060684876
1573.6632071979752
1610.7216621050175
1586.5741147529493
1595.5726776367876
1527.7189145523344
1578.2984368452608
1633.8076324014305
1631.8308102987976
1589.416628482743
1568.6794554800983
1600.9336131266518
1606.7554443408224
1567.1129901771217
1586.004641196141
1605.4877606239675
1568.8909185941063
1540.89255811312
1596.869642841889
1596.4932204703227
1614.3409858113891
1600.0303963691658
1651.192319984227
1627.9800729504325
1559.9000326745277
1592.8363420520755
1573.7581038505882
1613.254622823994
1604.2211901544363
1598.8865354720997
1578.5297720649776
1605.1155409849712
1630.4558764324315
1640.2228511819499
1651.5941638203096
1629.383175489002
1577.2043324368756
1629.2811682799852
1615.9070693853962
1607.2141569500654
1635.4259923500065
1604.3406938104768
1575.4993505456732
1626.3725214742246
1625.5623093857141
1601.0904620335416
1595.8154109688048
1588.7645548607156
1517.809212844018
1603.4139903508844
1615.8165779235794
1602.3645736776418
1626.3805638907052
1581.0036078172304
1562.4292311412994
1614.8780930286575
1583.8004439867861
1600.849631576255
1569.320571143222
1602.275929225437
1591.665742784095
1585.2181021240226
1559.6893007265112
1594.4301730941231
1564.1647782695766
1590.8813005213192
1570.6616669496602
1559.4210084007402
1609.5021558379765
1579.1333520111677
1588.6047307593947
1640.404625220983
1607.845906861961
1560.6288068660879
1572.544541966395
1566.3587872363903
1598.010405022483
1629.7195585128622
1623.1352426252486
1622.8374807998512
1584.0288697286026
1680.621513270859
1637.0391412391775
1615.3740444870202
1572.2090997293687
1584.661037942855
1602.425377118775
1588.7274639673856
1657.0625664560553
1603.3227424156366
1544.6835454400398
1572.1696183503796
1570.3936505736147
1541.5535607319991
1590.2736871463737
1595.213056966203
1620.493131292761
1600.6320576834858
1584.9105038045564
1631.8940463259967
1659.1834354263083
1632.4129285733316
1619.902955300347
1598.6294405538379
1556.8614166377138
1558.5802528586435
1575.8835491114737
1629.6047069080234
1611.4914685825754
1607.6506539734307
1595.5508520647113
1580.3807042301069
1604.7665821002388
1602.2143086876342
1617.2094810925755
1628.2171592425782
1592.6615358742401
1602.6405494360404
1558.1684376085868
1616.1394238902876
1633.4253689899256
1622.5068596550022
1633.7799213575881
1603.4012581887282
1612.0766587292342
1604.5861979480972
1664.0090547744496
1609.7784828433073
1587.0751677415085
1609.2065092552093
1569.697011300902
1600.7871090463498
1591.616175505933
1614.2081476216001
1608.1837426197103
1646.4344700470544
1582.4184368531276
1604.9652968027199
1620.5850112538174
1610.6690760631677
1614.9917260011616
1592.8284677228266
1600.1841229180395
1605.5875877405203
1570.546226226273
1565.2881898657945
1601.9366321787356
1629.0831099985505
1658.7318860792586
1588.0185203412452
1603.9933534769555
1613.0972428174796
1637.5156815254045
1593.809691689644
1621.4744505436631
1642.6378283529882
1593.7290820320986
1613.1584510435425
1609.1509305326877
1634.4808398411626
1623.5749152633948
1613.6012809708693
1673.4604885888689
1617.1941875656514
1631.9948842342187
1615.0835821168466
1580.9902316842963
1578.0891786570573
1569.7586002835453
1599.0833841694594
1608.1572038039646
1614.5395645363474
1600.510139467067
1641.694590483221
1578.5905281105365
1616.7254226957484
1606.5867944368533
1601.7805357728002
1594.1051368598637
1626.079220979646
1646.3185070098443
1615.3461449432398
1608.9933815415848
1594.618748454101
1606.6337827306475
1615.2502357395185
1578.0279784716633
1579.961893280231
1598.9212997567138
1619.9248104109636
1599.6670849263714
1608.916026388623
1601.2497247808967
1626.7616990857528
1605.9462779631003
1544.5890757664426
1585.0782021809905
1571.8779721677845
1606.0715995689425
1591.6341566002197
1593.550664709483
1605.8579845501931
1581.0168414403524
1606.8754949563836
1608.525055642103
1604.2921572410087
1615.7800329577296
1600.330967087103
1581.7651400279262
1594.5347166390156
1585.5857202324366
1601.979962201883
1590.1055881081763
1616.034056719691
1588.674603819964
1610.7138964455055
1608.2211386304552
1586.3569713785796
1564.2304655103517
1600.5840160782918
1581.278172512565
1612.1577155778225
1586.8978499749198
1598.8785045183133
1577.8205596140756
1615.493677562154
1603.8888538483343
1639.8274854567258
1612.429554007725
1608.866615946585
1598.1372128813516
1610.180936050912
1612.597006136931
1624.4035613401593
1595.1878000022402
1595.392364024622
1607.2852103181917
1622.012474096627
1571.660565307074
1586.8780497169057
1583.99836819829
1570.0014520621683
1581.366668652145
