117.36444139984161
223.44747908738867
146.8252401966569
79.53765611956581
125.22580150830122
163.04797331986305
151.50934569723327
141.7937680839905
168.44343235940244
214.7376379232621
263.02388913656125
325.73954944791444
397.75175874232923
461.7559369423548
493.09970358576743
476.92049547215754
458.90065748894204
461.560395714269
470.02661789838476
1977.5214686581153
1621.1720999330964
1458.2412403855305
1455.232798103525
1461.2100596594935
1470.8360231298175
1477.1784817771254
1478.416226054352
1464.0404627254088
1457.4726137264277
1437.664638829798
1419.2488398541586
1445.3353570641104
1452.4389475587038
1408.7663779885856
1421.168701906392
1490.1760136038633
1470.9939094182582
1485.7801663234902
1475.6024477903068
1927.2396651753581
1831.2335275811079
1751.0805626817194
1794.084401795003
1764.6515407662419
1758.0599701591618
1768.5708692004193
1779.791579968835
1788.3469832606627
1800.8995728249117
1792.5207493039716
1813.623747496704
1789.7448321310967
1741.6111892777667
1807.596186949858
1798.5857181962656
1766.8756597735642
1757.897810494525
1750.6607666230586
1798.0055705319835
2026.5117755800852
1898.1935182430298
1880.2731335413864
1893.8978249840513
1959.8084203791707
1937.1910241142427
1923.4598817775905
1922.5044929938545
1886.8090591647651
1916.8671724687495
1882.0654707235763
1930.8246051283786
1869.250045458922
1913.4761591573156
1889.256183116518
1917.431193395834
1931.6144002035344
1914.9513766044265
1908.997038755083
1854.7128884774131
1926.6008071110734
1898.2014414359728
1991.4805627303554
1963.8350092993232
1958.2509227720807
1877.0766672424666
1925.3807056110877
1961.4785161197926
1972.8635046825711
1904.6958459693947
1934.1722151408103
2010.4330804267852
1960.757775966358
1939.0453197445977
1915.444891777594
1899.9995311800262
1954.709494568669
1950.221002244181
1926.1738500141896
1930.7423135886927
1930.1299102053995
1982.383360548356
1954.6858492687143
1927.5116834647079
1951.4066311043875
1951.6822539776979
1934.9015820080688
1966.68478800252
1943.607045569129
1927.9265426791262
1948.848212661176
1968.9228162956342
1972.2232512796359
2022.9251802895137
1954.3942381914578
1973.8114501195512
1969.8945537270847
1944.2311948690613
1928.8619979935402
1944.6668555289912
1982.4647805088248
1962.8733704869376
1947.4210142427414
1959.9966322196474
1962.5851230732148
1987.6233697114235
2030.2632834614617
1980.3236127675614
2017.3837962236794
2029.8638184550155
2017.119645127366
1978.6657499060414
1976.7766169123388
1942.2243977329122
1914.8603051414984
1967.649758849902
1983.225560238271
1963.4301032771705
1918.8356158492134
1940.207806470862
1962.6747911117077
1959.00696814294
1928.8191925509952
1928.44566442641
1975.2532974623643
1943.6575210437243
1925.3465703655047
1962.457537255125
1925.4849880546612
1956.6027105846429
1958.8784820603655
1934.540172223429
1924.6233734814195
1953.0946489661546
1984.0172358572156
1978.5023804469536
1982.014963050709
1952.1842782177546
1984.2697476193207
1999.8288119017307
1981.9455046650048
1936.1787866883312
1919.5756655659573
1981.068068136331
1924.0427755590758
1901.9773704015515
1939.749835367208
1946.743264732703
1903.6944176585632
1974.5975833488956
1947.7058323106373
1950.8946248170869
1927.7752536160685
1923.7731024300108
1907.2866912468069
1958.787548207387
1916.6652381249137
1954.42198412906
1971.9504644550764
1938.9792142492386
1951.216450905808
1984.6900708406342
1972.6838324195928
1915.349796225477
1953.0087184194458
1960.127738035912
1974.6698590482843
1964.1949592426154
1941.609156517034
1881.9350599561462
1944.5390560400415
1900.5857834062713
1940.707881221253
1931.2898742298808
1972.1028771367398
1972.645145271257
1949.2188367724357
1935.0852695453782
1954.0022915359682
1954.8874039237078
2014.5610127464008
1949.721451077702
1967.6089385759658
1966.215205927398
1934.072378411681
1951.4612414290118
1943.2156812647286
1929.2011053046858
1977.3866626168185
1944.144742997104
1963.4399479046233
1943.4870630872365
1947.0285388495454
1970.531913838815
1939.9812598389915
1968.336759392163
2015.4752186220553
1926.3561548178832
1910.4666356161908
1948.9280331559694
1928.3273579239044
1981.2837319364762
1936.941239493499
1982.2037490434363
1983.5189844676866
1922.4883739315899
1975.3643525209413
1902.7315282751827
2003.8598785183212
1925.427178364356
1941.074194921389
1976.4181273911015
1903.3605045823053
1934.6439268705333
1938.4984585655386
1976.657134855111
1962.5072246357436
1959.2447278330483
1910.9755398819575
1914.6874629002157
1965.9851504599756
1929.858783734198
2001.5887722281232
1984.1217878751434
1986.4006535665512
1962.3587116621436
1973.9504538847286
1991.2049476704412
1918.445368204759
1989.52165435078
1931.3533249273305
1968.9631945752722
1960.5765684261717
1983.1529811001299
1974.8544174875851
1959.7769468018466
1875.6745375415026
1912.391289569534
1947.3727196517793
1937.214800451208
1984.4166441385307
1967.0475085841688
2004.545528410192
1972.7507313270464
1999.6855986018204
1973.0119917279258
1962.8513019384993
1978.3410935209754
1981.364414308413
1953.6371101504315
1990.138782475151
2018.681153980217
2000.736320821298
1996.893796810772
2036.4953693453692
1998.733076628342
2026.2598554148542
1972.7076378061392
1969.141087799323
1983.421981787048
1963.489275967079
1993.4428121841436
1940.1315105847625
1942.132185088105
1965.177742777342
1935.9678026588672
1960.9916777918897
1961.5267478671108
1943.448792741551
1923.509416522169
1971.9876494391492
2016.0913530148932
2045.1527591416188
1936.9999693022714
1976.3216606331398
2033.4442961577122
1998.5810967408686
1957.0343355719542
1944.9285798948856
1935.7324835679997
1943.5750013725851
1969.3609831024294
1978.9766787592625
1963.3513420662714
1993.8564825173232
1972.1747740860612
1961.2073346017796
1980.6938535196784
1915.955553011476
1909.5530363777518
1990.544603475336
1957.7422501925698
1971.4413924910214
1930.5068514445984
1986.5223030280013
1929.3290916737155
2052.1196731257232
1932.5810592700022
1932.0190552962865
1969.5216853748902
1949.603913567176
1956.926810505819
1974.2528977069064
1969.1935954853
1986.3578498609786
1979.375376125907
1941.338370260868
1933.2447114571648
1966.1597764418402
1953.8500009157356
1963.3545519640068
1944.9620579533296
1932.0888541734103
1885.2759051465523
1948.198252884321
1938.452566971257
1943.2409856340996
1955.8765832778342
1902.3302990202985
1922.1120825552907
1996.6279363445433
1959.7690070945332
1937.5249950236494
1987.5994494865495
1967.8630392456334
1983.5123867204322
1980.1978252874048
1965.5770311038807
1991.8942530091995
1959.588407552882
1959.9160829837392
1962.7555326689292
1986.4558772906462
1996.7594606702883
1967.1669967243415
1944.3958274423887
1939.4630205115277
1954.9578856487292
1986.3321775355607
1997.7022063403697
1989.3886095037917
1991.023039448006
1990.3302411579525
1936.1327283051864
1967.4385377032618
1959.8921509617967
1965.4841118829
1889.8417000398251
1925.6558405186854
1937.5402454109162
1951.1703624118968
1959.8427611889342
2005.3660898418839
1935.6837310750498
1973.4939772557334
1926.5548806204686
1956.711892416004
1960.9310520440808
1916.5250830982516
1920.9512897935306
1981.1370249545066
1997.4450894396662
1989.6215018728326
1952.9972075767391
2002.1389476296636
2025.6520399942547
1962.10322815761
1974.1804889194295
1985.590714143002
1937.0746596536615
1948.106104117309
1960.8570651182506
1954.8530907229288
1954.7039523570475
1936.9859590513108
1978.017372512873
2007.7547778420667
1991.8904585542255
1984.3577555954869
1996.8136219411665
1918.769865760509
1899.589555025732
1900.948653123838
1928.7667044518844
1917.6599725280985
1935.4316001648128
2006.2768563572345
1958.5680351147512
1930.02546816405
1933.697131758329
1956.596418306463
1930.6535421735139
1961.4511588121557
1906.9112795470319
1985.556356437219
1940.2618781366843
1980.1391714261588
1964.6511168767415
1936.3026064251821
1944.2798193310177
1992.082333651435
1978.8681054593308
1977.379152330717
1946.7959070578897
1971.856879032308
1960.8260643215528
1945.0335426069728
1909.8277045000143
1919.6485396584385
1995.6949248126812
1991.0181448907897
1929.7623154818552
1926.757144913157
1921.6390670648816
1954.501209955633
1888.0982972951774
1922.2614445235256
1914.611589311848
1898.4155589376562
1915.4316675009782
1921.3784503823565
1966.2113908852077
1950.150386847652
1888.0610981875761
1936.763202382997
1948.2446219177882
1980.0965949960093
1929.6931547655067
1907.8118366495216
1963.8954693854093
1900.4891468401224
1942.1616197393605
1944.0325176508159
1953.4913807831972
1903.1909385634135
1976.3186511839908
1990.3990916067498
1963.717975374332
1953.4796421527915
1974.6449220143136
1940.5237598323092
1949.5606474984306
1900.9074385176896
1880.54899903081
1914.7232676367282
1929.6507860121806
1977.3761356511075
1969.0045498276502
1951.297833854569
1901.6508950789103
1968.8814102176684
1966.2198868645937
1962.5129457479834
1910.8001489056073
1902.1470817578956
2016.8372465566185
2004.2467466580542
1997.6871255245383
2005.2239471711243
1956.4056920860316
1886.6527659183694
1886.5395976584193
1946.6641004734595
1921.8003827259074
1961.34722077893
1910.8210842949954
1944.175912470244
1984.2100729531016
1997.3268427234939
1860.0153394855147
1969.2693913529101
1996.79026754777
1921.487565285306
1939.5709981016444
1971.7474929286693
1936.3118331187518
1935.1730250767364
1948.9946544291101
1952.0141784547852
1927.2116103718643
1983.4528296062908
1907.73780923392
1879.9233616030456
1999.819286225325
1951.696077637288
1947.9639469708677
1906.1209864034413
1958.8168661580285
1937.903555087743
1958.2279111818689
1992.9560269357307
1952.737317241344
1985.8124939956592
1896.3956751036208
1949.6167929003059
1931.6306548027353
1947.909796727274
1911.642963371924
1947.482020492736
1938.3805798299454
1912.9981892265093
1920.9635128240307
1927.1725899330038
1952.4003698587007
2012.1564682302883
1940.5053221051182
1950.6833197281146
1881.8960146828217
1961.27681610764
1916.8349341185408
1917.297794937964
1937.714962600236
1961.5598691331215
1933.980631458147
1926.5309421380819
1994.3352781425647
1935.5245031671298
1916.6920425505864
1966.3527168189719
1980.1665905223438
1983.841619370568
1937.477928427471
1914.8983824791076
1915.693463650698
1978.5330885277504
1954.3525238257293
1923.6918515048192
2001.3307493333618
1914.5346936506448
1889.7516253878907
1845.0935674473012
1941.9774626254377
1885.6117919031074
1929.9759960613583
1953.9651647435624
1943.289873984334
1941.6343238415527
1916.8516654207679
1938.81369836166
1895.2993604799985
1947.35206001277
1950.5720060060034
1907.3775740132098
1937.761323740048
1880.466376098825
1894.6386256221954
1922.0822735264765
1935.80092032042
1951.5641181196058
1950.2698862639186
1926.5822476003045
1956.3868849183393
1943.9032365844828
1937.866034023023
1971.8975859545094
1988.9533453842998
1867.166802874454
1960.417541825103
1930.6979455612004
1937.3615057211882
1930.3110012760376
1936.8089529302506
1992.619301741385
1970.2641895765278
1863.0842444187695
1945.696169693083
1992.9674561094037
1948.202736675335
1984.8046667967017
1905.2134283810467
1920.522546750424
1910.9236534883505
1978.7894367665351
1959.0672939826222
1941.228110408849
1944.4230619252162
1971.5951132890573
1913.85428190473
1936.077527728002
1919.3309014822912
1955.6352414275264
1929.4389370578356
1932.2984460957075
1910.0558456061676
1938.4707302354661
1903.1133491107685
1964.5016691020912
1955.429018437658
2018.1803571752823
1979.9418872797091
1932.6485989245489
1956.0429527906138
1965.7966001426216
1936.5482602780473
1938.5452545026114
1972.9679690529015
1949.6456834020785
1921.7914192627618
1922.4743122584998
1918.2892049058628
1936.5572722276609
1917.1107210778812
1962.6571623347295
2002.0645035986304
1957.3332857741916
1979.487483246438
1905.3217000533932
1936.982379813571
1977.2633477879888
1948.764422356242
1930.0090337203978
1889.9581020056148
1977.0564665066172
1942.9964180155107
1916.3166938897039
1945.8162109312298
1916.2630947685034
1950.7407539616224
1906.6366160133161
1988.2946710614465
1938.710053457336
1915.5393813766505
1939.860472809006
1955.7798333166388
1960.685189859057
1939.3494463141599
1966.5533813798218
1890.7603254594112
1938.370215740541
1987.8357497297038
1976.084880083074
1911.0456521496462
1978.6596771415589
1932.4996609953973
1917.9811482752198
1904.5396435344906
1923.9820093423405
1952.75301699434
1969.8730483549793
1880.144031263299
1922.7304285972662
1914.479170473699
1895.7446646925553
1986.6530652749275
1940.5949129059288
1931.55306333201
1954.0463890126186
1901.4587849316142
1944.8018432223714
1924.0898650239028
1957.6363428627365
1892.3413464454784
1911.5610082726303
1948.03147751298
1897.667180900729
1993.0131923205454
1944.6149311937502
1929.4085940030818
1944.298517115189
1956.2745820910436
1949.4437520303911
1884.292847819437
1898.1289678306316
1947.8195834650492
1945.265140530577
1903.0461786852102
1962.8806674185057
1935.6694488722303
1962.683598215524
1911.666674323931
1914.40806335148
1951.2702950492703
1957.5993771233407
1981.5918769270756
1946.113376896544
1945.7476272721963
1934.3646639639715
1974.0500458409904
1964.7117364164656
1994.6556112168073
1983.8397005411334
1928.5628010746734
1950.5636217615029
1970.2067453135546
1975.5786400969378
1972.1313999874765
1959.2831241290646
1972.3241420424602
1949.1277984098074
1957.1671386441944
1938.0260517518018
2014.921845768789
1956.5348341827723
1946.5879785489294
1913.1707307089462
1927.560083749822
1934.3818021622785
1897.5547250961208
1944.3271862910608
1969.6136199073635
1972.0195253966708
1982.2451285814777
1967.9845636692958
1957.003489848318
1965.6653182976688
1934.0011347467043
1938.0884666594563
1957.7061514870857
1955.105569667865
1953.872944791019
1936.433005706205
1917.9330946164303
1915.6928506172085
1970.4301026914031
1908.147414385422
1921.836175459395
1939.8103664757082
1907.8944801458351
1912.0539263279975
1901.3821776791076
1934.5618839407691
1941.1432670240351
1960.3496182556412
1936.6215320825472
1927.3450426200716
1938.377258425944
1916.9324754331806
1960.5400561332026
1927.3610346877504
1910.8729333616197
1950.6024647699146
1948.3140141428908
1909.3041837429728
1932.040292224031
1924.6346292890648
1961.6007539984219
1906.9866428157684
1914.9043070427526
2011.3548064649253
1949.7391030400474
1931.9316789361546
1945.8546784446646
1941.759699843588
1962.271003829293
1973.7741435300754
1996.0267252480023
1927.1441013857125
1931.8710193652826
1960.2639708351437
1909.5756130598188
1919.3794041142542
1894.2194882164972
1901.8404908297575
1961.4674681253541
1933.8380435650622
1887.4568926272161
1979.0051544217183
1951.801594566736
1915.3037894274264
1947.9412284358523
1992.821207780617
1913.6509067471193
1955.599342364752
1951.700012167537
1950.35273825519
1900.8025279762799
1953.4525381886274
1951.9907148745338
1934.581917506126
1981.2439102323
1998.6095923581358
1938.7499171550073
1968.1365386899677
2014.7748773931146
1930.7709107465143
1883.517166027229
1965.2123427413387
1897.4430745954423
1925.1332016332128
1929.9838631989662
1921.546478764577
1951.7692654285333
1995.8945247402014
1936.8928837375897
1914.168046920202
1927.5694452257012
1900.5921520797
1941.2145013298123
1939.4558645373486
1960.4785356313257
1957.8520906085787
1965.7523908629437
1945.667101952945
1946.2440884692724
1950.846257738097
1935.7680307772678
1937.712093540364
1937.5375504448525
1905.8354518795725
1911.3467302252338
1924.2074726649043
1965.2339436548978
1962.4506552531252
1946.9309000468807
1936.2179298665847
1986.2511343023948
1936.4657124783348
1921.7901544071383
1909.6842604628682
1925.982581708859
1900.3271199370538
1933.0670119809306
1952.323739586683
1921.5663156261176
1945.353305054623
1984.3437935443571
1976.2119579025164
1970.8596151197485
1969.2611085110093
1942.6893022574159
1944.4313804405415
1968.9808878252807
1947.6564571519255
1898.452167376026
1984.3064626516555
1960.6173241321758
1926.4124126298645
1950.9638210354015
1981.926297570641
1983.6195306678756
1885.1923802168333
1883.5484884747561
1957.2601500671449
1983.4555098956475
1945.1418319918191
1990.7415800336207
1944.1003276387553
1912.6280557836176
1938.1549098055502
1950.5674894327396
1931.9344533813278
1957.7001434534698
1927.3409714677432
1965.8282581707213
1942.943341274743
1951.400198176629
1968.5671994571778
1952.6695414455778
1996.7407574635404
1978.4084190768658
1925.4124265456085
1954.909662939198
1996.1285598066077
1987.9348432814988
1926.3614983911652
1936.6875441497152
1962.499631590293
1904.1703374247688
1959.6517658954274
1945.614807499754
1940.051940365039
1979.9114113040446
1939.0609811861464
1936.867094751648
1959.2524013450877
1994.405558443334
1974.1281815859404
1907.427565964062
1885.5138064726912
1943.2893223059666
1939.4340289619888
1915.2383016097526
1903.1219272734497
1940.1907780183828
1978.6470166670492
1930.2537567930976
1975.0622863510864
1943.0638954254332
1941.0529421979645
2004.5522640849213
1984.866156622587
1924.3029549812413
1966.4162105325458
1931.5313743932752
1935.406451194098
1949.5870148554302
1966.415170565356
1923.1666624306863
1958.6848509067995
1969.4642038812847
1951.6204391945153
1937.7857511856853
1953.2211201064356
1982.797291200991
1929.045614727498
1930.9887184079012
1895.5897690677832
1916.9423833294993
1958.550475680912
1953.369953862077
1972.994992170459
1969.2626449038144
1963.872065053793
1956.9960425909244
1940.9051408507285
1920.5686273440692
1940.3673654823278
1934.663806820903
1965.0567023425401
1976.9504921893213
1970.1369792118157
1986.2544742867494
1935.213380490215
1925.566282633026
1960.992756428497
1957.3247063941776
1993.1506350001932
1957.8012684574003
1897.5170791169453
1929.3580128909416
1962.7740759502997
1947.1714258155007
1954.2187712587097
2032.5435938839746
1920.1432037532554
1905.6531822425807
1940.4198861841137
1909.2360736271683
1967.9444972447732
1954.260636885887
1886.44942465862
1908.5268480617801
1949.6632286188487
1927.897781318577
1891.888821204583
1916.7207263503524
1917.1989089051965
1969.004833668944
1949.623419243363
1916.4996871720255
1936.7536949784687
1932.8512801174977
1921.454752498489
1940.4166528621665
1944.9019758056465
1952.1709709497504
1913.9162983276822
1908.6717016586367
1949.1604315323864
1914.0671151110791
1944.427434912758
1884.7710406552876
1935.7278498278408
1935.13571705714
1959.1523296612463
1914.8572794919671
1971.4315135137624
1947.5036891911102
1964.3972050481825
1911.7973586794299
1913.4043778886412
1916.3163890368833
1987.2070624548069
1944.5086591295712
1958.0665900476192
1941.6178885661332
1951.3477597768947
1902.8443048100382
2002.1460645519248
1947.3429541837102
1904.6598470188374
1941.3935138143038
1955.163699215922
1941.6849643163864
1984.1124500557337
1949.018218884837
1975.3834603266437
1933.4669545372817
1931.145043693113
1937.3711651982564
1903.367275620734
1959.7241505562374
1954.8895907862386
1943.4759272985195
1917.9005478997417
1903.4756895172197
1862.0200366924782
1944.860092004356
1930.6923267363743
1970.880214762078
1904.9123614121759
1963.8758669908152
1960.8266806505806
1933.8886730408094
1977.620156368284
1967.4721083425827
1931.3765564655537
1942.5629716720239
1984.481302864579
1902.2287341685249
1904.049920042241
1948.4905516324432
1972.1804247915238
1941.0900593677936
2022.2460355180403
2024.0261209769342
1942.7466533104216
1926.4398614392317
1924.4848202898993
1956.855757523785
1916.7011418744992
1910.3516953964283
1938.305872314723
1936.7099058266576
1965.3412697256415
1932.9413754959205
1890.617101687602
1947.7538880605307
1955.8830619133353
1898.802265358514
1975.6727953704803
1936.1257119296843
1924.6414163523928
1953.005146765917
1986.4277564903996
1879.1088611206908
1912.447856668691
1992.7591920323657
1988.3825118139969
1929.4870018350298
1974.0062359897383
1923.4021162166828
1959.5020190790676
1921.1080442488426
1945.2162506728869
1972.1160380426861
1957.3581651079958
1933.199898247823
1929.8424969363646
1918.1754074526934
1872.8164709938383
1912.470355326881
1939.4071140884603
1927.2891207106445
1876.397789247335
1970.3981284518727
1934.8363644748283
1938.117897022174
1974.8943467439794
1925.6483761213192
1933.4993115168863
1945.8587025509244
1923.2224999430723
1876.7688174288273
1932.4663083929024
1965.554067245864
1933.5935347999466
1946.6088747176868
1899.395642445315
1930.2352977245487
1959.1797006009656
1970.8204736356001
1917.4511842906
1902.667799712942
1961.3938414012764
1938.0443891080104
1935.1884650621491
1977.9823735501313
1940.5526535722922
1945.0041273083414
1951.2211252489114
1938.5545076081366
1942.1257341873663
1906.5492973352184
1943.0492629199668
1945.2438275147106
1917.6835571142497
1915.9747250469582
1959.3539687246648
1949.400879209282
1927.4020134232105
1951.1985730898186
1958.9426840342544
1999.1431239308988
1928.517620211394
1911.9356368691201
1978.5272503501728
1979.3920689768001
1978.526555010244
1991.575730153941
1964.766971385015
1926.5271425126584
1892.3132416957724
1956.2327550746252
1910.8404815169595
1928.2126901223883
1967.7531395662259
1971.2877478703124
1972.0599188794663
1935.2220245329856
1906.519787029172
1986.7195644611666
1986.2113260105884
1910.540049503494
1925.9243943490724
1942.9093515886257
1916.7330675399317
1938.0337022577255
1945.57424430221
1947.3228807008081
1910.3772401755923
1917.2321585791688
1915.7834467671903
1961.2018838283532
1956.9002249756854
1979.392335524684
1915.114913631017
1906.8651908278873
1972.4279199763482
1927.9069544786462
1873.7614405140807
1898.2086951986248
1921.7408882101745
1876.2357751721418
1942.3686869795636
1963.6120165987086
1937.650403318507
1958.9606803746892
1933.186149276612
1906.4669274921018
1931.494942004993
1922.3766743839305
1910.0230524830167
1982.0671223640968
1917.3375799212083
1906.5057068530052
1926.4431014251168
1922.5927387397246
1914.0774710280284
1924.6598728348456
1946.1547187354356
1899.7309822851848
1956.0226114709355
1943.5580822488005
1927.0541784777304
1918.767221489504
1902.368078693536
1963.8114267249725
1933.7291273767346
1943.2394755689002
1962.2266503741953
1919.7847511602376
1956.7840162240698
1939.755048724415
1959.6036088896185
1981.6448062440936
1917.116045542277
1925.792187950381
1941.0722775263616
1933.267419041602
1969.2228773410152
1971.0551149343114
1988.0180467267523
1969.881974258357
1959.9173104357642
1941.67698285315
1980.9614424986853
1986.6970226349479
1956.4843126742167
1924.3238051108635
1937.1621275332127
1969.2574667342458
1965.469335942349
1920.2989004195758
1905.0426133747892
1923.4773520325018
1959.350811056088
1974.2247715385552
1950.516234092462
1908.9044751187973
1951.583901084967
1933.007657496509
1981.1238696221958
1950.1719060970315
1938.4043315595297
1974.0924933846698
1922.912050322713
1978.6464913246652
1962.8300849367079
1917.995080548479
1975.817395294188
1971.6608207335607
1924.7808497144651
1913.9282588396381
1916.6023453288963
1980.395004321944
1963.7729055775887
1988.1630057938655
2024.2944225907108
1999.8668195969042
1928.645580497168
1973.42188236512
1977.9041976451326
1899.2280178086403
1916.5338321276192
1900.3277226009875
1903.165044387833
1936.864248863988
1954.102268412769
1987.9501025399522
1931.6448185845625
1926.4730386547712
1998.5028795576209
1958.4687510900608
1954.2716763098274
1952.674942207874
1915.5401556681766
1946.1738406518377
1936.102218646508
1930.8372404843526
1946.7764682566735
1968.6916186045596
1960.7083294435467
1982.564934705774
1894.9712825877618
1985.590366836303
2023.9654263159255
1921.0382777583313
1955.7817033839624
1968.636239746829
1924.3257807798993
1957.128803409786
1936.2499849525568
1909.348927996344
1915.6579207506534
1891.7318315518996
1908.3090379788623
1947.9236322616741
1894.8755730794853
1917.1889349129247
1938.0028016054823
1918.8835849099962
1938.107416956912
1959.8596208614379
1942.6681629736477
1913.381656678067
1907.0294627421986
1920.2708657487558
1933.1873106788726
1965.1147475225812
1948.1002285859256
1942.884317580122
1939.095965927266
1966.5851905052737
1947.9612731625502
1985.4816440818222
1979.9081174225325
1987.5545354380024
1998.3155362400903
1956.7681303451413
1921.787422681549
1957.7370562221777
1944.5813076245317
1946.9821024813666
1945.7934094891255
1969.923610851062
1965.3199456083614
1942.990938896128
1966.25380163927
1872.1565627045463
1901.5537145140202
1925.364992924911
1940.1255478854716
1942.8322928124169
1994.870561542461
1931.7137800988748
1970.0795913725135
1936.960297469123
1891.5478430114006
1915.861843881389
1933.1175732310444
1913.947152999257
1963.310440171624
1980.3027626084463
1976.94164073417
1930.6760051282715
1948.242644030012
1900.6947094613668
1919.105786440617
1912.8674260824614
1900.0753720372006
1946.4184672037547
1960.0643283677182
1966.0629112584074
1972.952724175022
1933.3708123521765
1939.3442750060585
1892.096699186982
1989.867857990113
1949.7171382099884
1977.4273026508838
1942.3053127103149
1899.2100087834335
1954.4938663801222
1946.7874527940126
1933.7499187972994
1961.7103980375198
1963.9046888503958
1942.2475507844003
1966.5318693415913
1903.1123852128028
1903.458308883955
1945.2125709393913
1959.8039212362405
1944.0510818167259
1991.494656890148
1929.382061581095
1928.4534322570103
1919.0714909359122
1949.3225139957408
1977.777902918539
2004.1298141835216
1914.2896162847053
1922.292305303112
1919.745383082024
1896.4068263862787
1909.1195341787998
1931.1898152743606
1913.9688288367709
1935.5958046603648
1992.4547369931877
1931.2694306328235
1981.21113082265
1970.8168542353317
1939.1470607799274
1906.5399070756143
1945.96255046739
1935.8294908761263
1921.1492526086774
1921.6089992756974
1918.6008811944737
1931.8558431680322
1893.5809215981344
1973.6139402676772
1909.6996343316387
1949.215922154904
1944.5248758492007
1976.8634368311011
2009.4487392722313
1967.4839240344593
1921.2930654002864
1923.874406894927
1968.789801291286
1970.8517264166903
1997.9880584496577
1934.0875549581374
1962.170383470244
1951.0648762738533
1902.389752409229
1916.4062216362136
1926.242250538295
1938.83442972122
1929.1126255065308
1935.329167981592
1967.6098869913747
1936.7814547209273
1960.3307363777371
1922.5512340368955
1912.894696186831
1926.2545041319997
1933.069345567501
1976.070849418517
1924.8276808839903
1925.6284385901226
1908.2977420146024
1964.8030634613428
2027.4526792354366
1929.0212774463082
1947.499459371878
1889.5241679329824
1943.0220095840978
1990.3088275790717
1924.5176743180305
1896.1797785704873
1973.9806304622552
1923.0339739690698
1894.86217370963
2021.811051667837
1967.0460933501975
1961.9866056560434
1940.6781273429451
1913.8253918546857
1885.0215879361383
1922.2486545189659
1912.2213641965718
1933.4265644289696
1954.5485319502025
1938.2647518171918
1949.9164143768164
1934.6162892229731
1932.09027609543
1924.1885120675947
1921.1826606228933
1963.1023661112313
1896.3481267218745
1933.7128447442724
1981.6884194226104
1977.4820370411878
1890.799640327357
1969.7060504814203
1996.5541054106884
1918.030425312272
1925.6327335626522
1923.3485473064134
1910.634616232138
1911.4138442201204
1924.4486800747381
1902.9922316430375
2002.7914013577715
1921.4222392964816
1945.545085843206
1914.0010662315321
1912.713800102642
1960.931102997203
1968.2129184139415
1917.7403445536156
1878.4471260409223
1929.6799578363855
1953.620566711901
1966.1478813393542
1912.2845056575675
1991.5731609602797
1967.7627574761345
1925.8282765218773
1937.1187128384786
1940.576384583136
1934.7477504704625
1879.0777063800242
1946.284372333042
1957.4439362637313
1944.60897256637
1923.8242453966338
1950.43864418776
1922.7945745971633
1956.2757003178838
1947.0571968848897
1928.858818600785
1923.9312290484245
1956.3919735875415
1957.8422205196916
1914.152843561401
1910.8209046398538
1909.9616380614334
1910.0723436929145
1901.4834118871438
1914.2282850976042
1973.9224723216735
1955.1835299774505
1915.0031618235278
2023.2321582519235
1943.2357223759134
1943.6567615242611
1914.7964377129595
1913.2661075975182
1947.2372466499341
1942.264043183125
1961.3589460031712
1966.8568775443778
1958.7442221603305
1958.0739261709775
1991.4950999517184
1991.3476033240718
1936.6747388313775
1966.7815061312972
1963.0850378114687
1969.952081180762
1934.943837967892
1902.4493451538945
1949.5978751632579
1928.4589794281692
1938.8624046950142
1915.0981018074576
1937.9775251163376
1972.5536005475587
1931.351940819603
1920.984139592409
1971.388878923457
1919.8289882558727
1917.2219939433571
1980.3736732176146
1903.247588521139
1948.4836704621093
1954.5454634217651
1944.7368235088322
1948.2471525109684
1933.6930332351212
1924.8824094687955
1903.4471980483236
1909.4343049348652
1956.5832147531137
1893.3623425759527
1894.9377062647284
1899.6019416345353
1927.2187979943665
1998.8246773441138
1975.569603244986
1928.5417756073432
1977.301306714673
1995.0481898219946
1886.7623909437723
1866.3923085171928
1902.2908576791697
1916.2728294010988
1940.4060153958117
1929.1192520765626
1962.657609112995
1919.9268483484684
1975.7388551225695
1927.7258912691561
1980.6438680558595
1863.755727996624
1933.1184960044918
1896.759287879806
1959.1154541993105
1918.7071248864445
1926.2335625108049
1907.528459863699
1941.0663177934714
1938.6460696536096
1957.0304475479284
1922.2112361277502
1919.0961599686398
1913.4075460906374
1928.4514888436165
1911.8303223559062
1924.9020598931395
1896.454468669302
1923.5843336250075
1956.3314715985512
1953.4869580453126
1960.9469938744626
1930.0319681903002
1910.6465621786917
1947.5104628840838
1908.9432986688357
1918.687800619754
1930.518127394929
1973.667205806472
1938.735192297947
1949.3011789854218
1929.2769205367943
1953.9492191749937
1981.3846596095045
1938.3996824322405
1875.5414051129092
1927.3984791029277
1913.8825649779124
1971.7288304684712
1949.001775238464
1989.3494589590855
1938.9426370218034
1886.545224380909
1930.3566103115731
1928.6802273481028
1831.5061269073617
1916.4012253020885
1895.7747163693095
2001.0145577372268
1862.1834255932667
1938.2468153159546
1922.1109847766566
1946.2008966674193
1929.7749376409038
1944.0603148928562
1932.2226093730774
1939.5782831891688
1920.5024318051805
1926.8469693391219
1889.834370736351
1940.9330875098467
1954.6018185541673
1986.795122446214
1954.2187786336485
1923.6555612035063
1957.0378146248186
1958.2010167023652
1964.8333515240301
1960.1628475440123
1894.6887040593028
1898.4524973592236
1900.9774680427622
1928.3372451984828
1867.401438222993
1986.1680355929302
1918.1900940961366
1886.561726194493
1984.444731371733
1907.2768221050405
1932.1092141713686
1910.8377791257483
1908.3359050509016
1983.2502433057366
1953.7744947610774
1953.94553498857
1948.1636996359064
1978.577853132121
1929.4387192909844
1936.104997192629
1903.6082541226638
1931.2013969362229
1912.3801461612325
1960.170616194703
1931.9306838120024
1967.4337439309413
1921.8934165563928
1962.1640050277351
1951.9936987265075
1936.0288237146672
1960.1644544549094
1967.0219649532673
1978.8658122805807
1912.0497792551748
1937.5521631095878
1976.2336201788723
1965.0307681726886
1921.6665662996684
1924.2678278563847
1943.648858527888
1936.9087029773334
1917.5496980279513
1927.8593245004054
1962.680089855564
1965.3050417990066
1967.4700125811628
1891.7342113493755
1944.2790074858972
1888.9073845827843
1931.1977821708917
1939.0396609699453
1878.5334879410104
1955.8971211536045
1950.0758739301668
1968.9705107609147
1888.2968629187721
1961.5582122107476
1923.3753013332064
1952.324580348517
1968.8270895846535
2015.9634590066537
1966.2520974015836
1997.568494085266
1896.1995456437535
1921.468394792278
1959.452941350958
1960.159712189335
1935.6458645500322
1923.7526639804234
1944.4197820986656
1921.437485164574
1942.247026432527
1969.4429522704081
1909.8780197647636
1960.0852188392064
1977.6900829152983
1915.0509048339818
1947.294653909983
1909.331097156334
1986.785942083743
1989.576931559708
1969.6249354840825
1962.3923092838736
1934.5787239537892
1916.0811141466245
1974.8961458147069
1922.698971171686
1955.5593191508856
1968.3592663205395
1914.5487802252942
1904.122442585974
1950.4002242275633
1929.353231229737
1926.4492290969256
1914.23647374554
1943.7263775547463
1927.2300727812085
1944.9485026946331
1934.2958800257263
1962.5036527316481
1867.7250100265219
1944.297029068575
1988.778330045603
1914.8922694982589
1931.3934848214892
1924.525870760994
2007.8301528527663
2018.8671735559549
1929.6497591043367
1889.9562881953013
1944.8729121739866
1919.8837056154857
1913.472709870593
1988.0691548715042
1917.252917481064
1933.0893154835355
1868.1564657790102
1980.6372195407669
1918.5111839489641
1869.543688822687
1949.0629003919275
1948.828372058339
1990.5377402977022
1934.1409615862542
1936.4421864536166
1954.7293994813922
1975.685267766833
1938.0239891295982
1975.8482943611061
1958.9821517948808
1943.767073355887
1920.969632080922
1925.251847688524
1957.3910480315126
1950.400731521367
1973.8198188802955
1961.7819904030923
1917.8755133192096
1910.9394470398865
1963.0910238707609
1956.7563972190358
1927.5348964137495
1923.939786019766
1939.2897155940339
1937.1985670563995
1974.4629884228457
1935.1211832770778
1956.6709639077692
1992.0185657521683
1941.4009318768062
1935.1989279402846
1914.6138250754777
1945.0731072578924
1961.3461156668839
1945.0315435101927
1961.3991441851538
1966.092348565964
2009.392766666028
1946.7235421763316
1991.4509049524197
1945.2864204883904
1899.028401928858
1958.312458344769
1955.6076587823104
1950.284031005384
1964.5614462486424
1934.7162539874064
1981.228227300817
1957.059490551976
1951.8514959800525
1945.2302080134023
1912.416757223532
1980.592044156813
1958.5793469022647
1962.12836890265
1952.543503493676
1892.811756950785
1897.653952166514
1958.152444482628
1914.4548695400101
1877.6395092235032
1921.201739844495
1959.6522479835373
1932.6158918768092
1963.3644354869261
2021.4180533635545
1980.4679915282577
1929.227276132484
1979.638795381578
1948.5514458771577
1868.2539438135814
1912.3746565222473
1995.2939279801903
1909.0407346152465
1913.942067867185
1903.775714969
1949.5449466630353
1961.4155414652917
1973.0985517682561
1940.7653892842395
1959.5308058096791
1919.4102814844769
1970.130912287002
1960.8561977792388
1914.8085343748392
1978.3707622547581
1953.1304576740545
1909.3719840580193
1969.2623141271936
1930.740174300911
1905.9660743261393
1916.724019118295
1908.4812721196765
1922.0668920051742
1934.0764990605128
1944.7330780219245
1978.0276278028518
1938.0484432553712
1930.3826379708892
1900.778876299681
1906.3544503133244
1872.2360489417788
1977.3401720733211
1959.8156094016822
1973.6991946065075
1951.7152225842544
1923.733368432763
1964.2214162969344
1967.8590891690005
1944.4741414822463
1994.3895481371205
1960.6630467801147
1972.2956425059651
1975.1020168673274
1885.7726137221143
1965.7461614358363
1973.3565297570535
1966.3458877468463
1960.735333512915
1937.7892368441012
1939.8985576701202
1928.0920007462073
1961.018209544502
1930.804278274733
1936.2332708121926
1905.3124895307656
1972.6041292181574
1946.2942753494224
1923.5652894458585
1974.0908029342258
1932.6153499750321
1964.4664544239604
1943.5627759869503
1911.260586630111
1899.8718623518437
1944.8473547145961
1924.600894991535
1967.4547661715749
2000.4921548371258
1938.5866327913025
1936.8326606491876
1939.18499909059
1990.1024119154595
1960.488741131902
1999.9136570356402
1983.1996843445609
1912.8903913464285
1883.2252361844965
1871.6513275933419
1937.4458972938314
1915.0136138820362
1981.7759468451231
1928.4070488034179
1921.8893350664378
1968.0186953693933
1968.454832520716
1992.3522306929092
1927.305181509269
1919.6645981588254
1938.8581773919204
1948.2338467803215
1887.533079784638
1939.0822187417543
1939.5611241092543
2039.0551704612872
1983.4775031550676
1939.0100699259692
1907.0142811155968
1973.3150325016347
1946.0601495883366
1886.9390089410526
1942.9386079049023
1961.1581953385848
1922.1957264631706
1926.4251485523416
1956.6798780595025
1906.5154481980362
1909.1412065842583
1959.8363062915273
1956.566042306499
1941.0111744977721
1957.6200124531747
1916.4187351871558
1944.6699410494446
1909.5989065186523
1952.022199763096
1930.1480881228583
1947.3327825632919
1921.066845939617
1951.8349728187259
1957.0232423690504
1929.7226325134125
1895.4859171052178
1915.164694093727
1929.84271894515
1914.5852830060326
1943.1054887176006
1954.625047740629
1918.235759828975
1960.3399466332041
1990.9062148820751
2004.4818472733023
2003.446996791679
1964.913288711396
1925.5278384519527
1938.6787567365166
1931.975044629518
1892.4034626233417
1930.3859986703633
1902.4001314408918
1950.9620022712893
1908.679411900275
1922.7649576460333
1960.0417173390135
1953.7316901791423
1949.354276887682
1967.3383673832782
1969.0326623333276
1963.5713098495467
1899.1234415705171
1941.871036368039
1971.9194392247168
1951.7255704762406
1910.7254483744996
1955.4240871140642
1885.455516044241
1925.1833486669213
1963.7716670312736
1988.9975355530546
1910.8190637250677
1890.5585042637742
1923.2082276228075
1921.3722531971337
1947.3554807458954
1908.328382805978
1909.4465468666833
1969.563982458135
1964.0952495144743
1943.9396436351421
1998.2306147878971
1996.97397553822
1939.2142809111306
1940.6642151425058
1974.7963572922956
1982.903966448942
1948.056103291662
1929.8131842124544
1904.6204471486926
1963.967766022676
1975.9903098958084
1968.2836298095758
1978.8629683853978
1964.948895928409
1955.4709562298717
1964.2530919730546
1964.6734429185458
1950.6485530142572
1957.3121867666746
1947.8108365233102
1937.9031714606558
1963.7973674725713
1987.0737212813983
1939.277500535804
1993.3028034029994
1969.1816401998665
1985.5006667514454
1930.1109495141027
1980.672299753148
1986.0253257587744
1927.7645666771687
1954.2799930765073
1980.7583804625924
1946.8852563521082
