-10752.866925185874
-10955.542400120577
-10813.979394247533
-10685.188217713552
-10762.900268204845
-10841.607943952702
-10828.562221979519
-10817.702231862912
-10876.91829887116
-10974.827269166919
-11091.303228437395
-11226.895917258413
-11361.672653078085
-11475.721788764296
-11499.309882176709
-11444.74085847932
-11436.251804924033
-11424.299394847954
-11449.567791187063
-11446.21768221008
30139.803718437604
23921.830150814672
811645547186.7969
14855749103586480
2549120973068332e3
5391914223551226
33757349666644130
153704680796649.22
58311675278867.695
627672027273853.9
79799550686640.62
931844164649601.4
180592219854570.3
330253371959177.06
29189335205683376
131935482011382.94
2266528891404.192
13278528782652806
93346821179391.83
237339946083305950
2290070577305.8047
43734151993441636e4
25138407185592624
603893598474551.2
17397116726441.588
262035705733679e5
62302345515517.92
499970360893154.2
52127419749341.62
8933696371604262e8
14428439194329.783
43470367042370.84
291084916388341400
74261565455808030
5213878559778108
2370171315619454
1434706039741895.8
22812677595980576
1111024671272998.1
61390578890532.01
371923775936.506
562309359783065.56
29084148853246.184
4187535500595772e5
33615368539352812
982210217654489.6
633358840622.5002
39600950066391.74
59431518187426.04
899140441219666.1
2137481554246711.8
636243123425.1519
423977810226759e3
49555131344266.86
21977770309645.42
38526912750051.97
813676595055658.4
10601751848977149e4
2749629498955861.5
2156594690975.794
7172391336958113e5
995828182805.11
7773502915655835
29684563741452743e4
11908442981587.871
740375693201932.2
54964583205407896
6745525365553.264
391768384800.3085
18009552076468.402
78461310846978.66
61976539642778.46
40600740947197.47
576060868052038.6
3463764742525.6714
2263192733885.022
199700632056395.06
1381907957627471.5
3967440526023.677
6114353300869588
222036487740487580
50120343241108.43
3314736851952.579
146438266080735.44
205321234186474.6
4117781161080663
164978974083296.66
28952347711968740
191725551403333120
7673692508617.814
1167439084310.3965
191423247295351
149608153286231300
10255204789521776
4407017639093.011
27940101767890476
3606393142444198.5
3500954431386684
80649631640028620
4662663653865551
19574861402158.28
57722293608402.18
4218062143233991e6
431879423043235.4
16189298038390.963
17218472839783.947
6717445000047788e3
3209097751158146600
364486694454316740
942158311101141.2
107147400694102.64
1371687869383.014
10710562460916426e4
14923704675347.719
85241129115983.61
6470932005204.181
288568066647992800
1691984001028660
144608802491847.44
3854210537696.7803
825882229759.8198
1036052860473.3547
87098573223399800
7899960773362639e3
634697820401186.8
9950837204045154
13776609539250.047
4365988708473634.5
250293038182288.72
14954044090238952
39120771124539
40651137031533.516
225460383372839870
54255839762009.02
537070950905.9549
13061192924389576
13208224570875054e4
222818461857518200
1233043262074226.2
12302664810553.146
10912893519623864
800596384714193.5
17736688084937.79
81224558795638.69
504013628018750.6
41082289680886.09
8888745580979.766
182338010573008.12
309389297799319e8
19294005675179.715
41881994937443.055
994562468454511.1
162269569785090.75
19969385881656148
756361670282109
19183506970611.758
4082248889827372.5
3975014400283.2812
70223432789450.195
6944323219262707
306090605776081800
319212350426832900
71354660606647.77
2528751237005.728
324863854807.47925
1505732703869058.5
908481429699816.5
115610828360438.78
2839229065708.267
274719797447.4589
3983568829704.68
7673619713084281
3795544805054.45
489876423454.71484
101932705201949.77
191222165230185.25
105998986188583180
39694703099455.95
90618350844580.84
3298956091563736.5
19202747035592500
3173483572537.992
12951048009904.895
1833618639225.895
1639759351383634.5
22695984771241316
572360373389443
49377820106402104
78600581707618.88
120602841265628060
376850083614097.25
792702675504130300
1145077167789.5466
91475744422395.22
497067975887060.56
139182727536527460
3960293290249104.5
3658303967627595.5
100298381312463.6
75937874126325.12
5265664107758.923
315897720558250100
1827916435894.25
747328971186.2758
85864104994753390
29679933191478.855
296689949513708350
441206388290676350
52825184066270.59
25353449348022.016
21228298886688535e3
53181551478907704
21049605135372.88
46984593625742136
12436626587669768
383049527071030.75
42646950871428.33
14528466208194.934
1355352157268350.8
1348737591732.6726
12699976559815.746
6138283534138.656
5528214782065.057
659814001716438.8
12128232985860652
3790903106921097.5
1625234150426588.5
118208125392936420
6055927796405.116
10620847839295.625
64678702164642.01
6099353027438.215
55183926154399.91
5112724360247658e6
1046244404712.3782
2029346678297869.8
1538023994084653
31337619781811.15
150050635005600.5
1264305646597628.8
4312477865915.1577
2284165501559.6807
15701277399377776
8988810054730722
3334566177515.093
4801724695405252
25619444411718.05
17730311044990.543
377509164707211.7
57847716254502.78
950286025224.3167
163914835408565.06
303684485685952.4
160167774751477.1
155782294621506e8
2433037485537447.5
5899494333421963
37289502257351.75
2898076859135.8184
2346878324735942700
146700485441048030
1827274934947222.2
16382691486316068
4945659970442.421
563093958176019
360683212263105.06
24824459970383916
76494126130366960
295812195237822.75
407370322469672500
1065148479719743e6
5803577959051.591
6055579364805.658
127828081295600.06
3889931101646.563
4934286402658322
7044487318805816
9038279201920.902
6034835503263632
1823546471035552e5
21522853592384.19
20501010135418.832
138759403740003.75
112660047771572800
28779819396483380
254716555398388.53
12893392764285.133
1313428908285.581
86160852356008.55
2160186088536.631
10400780405901888
259870093697372900
6466317448697.17
10072286291383488
123881508117063.72
2420005622840.851
3894581534144336
76727451864792.23
26898029401929.215
11632480714234.814
1769555303214.3086
15285806935734887e10
7029720805488.992
5040882631395.034
1457929423742716
2813597113499445.5
1690458946461.5117
36386446831021.98
335949139799201.1
606179117422692.6
1359755380342.4526
2487989436183.4956
73077426976923060
1355431160163849.5
123629904487212.97
266129952963136.3
37276568545388.55
2373973915630454
848350461034.947
120350966211794580
14958847639925.174
3543880339921156e4
17904568702633.652
196048622115202.38
35435482230952.195
7301907672599.137
5975574563296570
27244979960237.89
61678342001239876e3
23478855464545.043
445826677706750500
3224024846226.4688
15185038169870.1
1606326654563.0647
216909574789881570
1349159486389083.5
331312760698382.94
12265041966948.645
3387996748772.619
106832460358431940
31112717823527.66
54251889512.30643
45853057390885.2
707637225506271.2
10873965858818.605
48519998107848664
57352883864.70696
4470500825936.412
86063073681561.89
344558463789668740
396439940722752.4
278288100713301630
10025501950522320
74212972181190180
1704589863768632.8
610665257191306.4
5412510158436889
8112125396013854e5
83020853959977490
26581568261337.06
67690649639724.234
19237803216838.86
54762053554458690
23734284267083.176
671036021409541400
3312860438747.3745
15682616806155.05
6054560663341489
4464368436605.03
157234989221981.94
313424728183583.94
1279476125592.5923
1108598456388296300
185817011940.34283
396599512581.4686
2447865679616.717
17589528857985.99
26906599837591.645
42823212907809.59
588546347400539.5
721757568731.5254
12632430270912284
1432882595770484.8
10984358371765.066
1902890178797315
10291224173239.4
93781748638519.56
86419033926960.94
160266515415479.78
14795695455715485e4
45779813090166.17
4189161274658.1064
71971656915674.83
10118983246251180
55680698464443.03
2572637967123.3
1058404813587.7706
17343789407688.635
6289663951761648
1283915137767325700
441376549103943.6
4772433845253715
151337617133526500
2644117490296556.5
17551699993925756
12227295562234834e4
13345993616673714e3
4719939432681.982
565313240230230.5
22395475473099.52
290292620159204900
7336453018997481
67347027389577.85
322892961617383.44
1539316387938.794
642271193981.5935
449651310780990.06
2258511404117.7935
6944208989643224
55872027829449.086
15694781834768.7
383945628483310.1
2081810812712.394
30677288279203.125
139427297496868.1
1317303183240214
211166992838394.16
3721839913970805
15748809237518456
3577382720713.1357
1214093063874612.2
150923982735278.22
333886319411979.44
7827266163052.9
56694394538660820
1794806089087179.5
79274321940312.55
118532955499787230
3828235754245882.5
918625223029771.1
47833182152369.69
305853195252574.7
879336500037591.1
1162329054751.6807
2360258553059816e3
959723761806271500
395913327546.4766
71368372873830.66
1114140466001950.9
9882603815140.16
1062647198763142.9
147065527832395.53
11586701525383.078
11900749817651.766
2388621641306460.5
112208496915301.6
389026131338191740
9940359639566208
36948119534535.64
986187947799485.9
1470918920237.935
4451122366789775400
42591739098895.65
136876124801721890
16867331731152847e3
356778882103057.9
1386640251999.8245
912934741331507.1
404699182442039.56
195091820923940160
10173531151625664
1165054118068.5579
4888247007879.574
1553094386460.3335
10480060405652.96
3436331130323203e3
171611601862487.25
10627629787497.13
19877067323710.023
5728188574034.999
35143363789351.08
5858324765085897
13445227616676568
37620548980408.836
17597198860395469e3
31130767210864744
1400483812119.3462
493378943423674300
1376401734019.0237
810806725001.7823
4753583226721764
128829709102961.75
3045330480459218
421883953879438.1
223059274856066.94
19422126816411.266
22488931791447.49
38692707328234.484
313740050648683.06
1739311176818.7224
2633636404059.6504
2057050634717156
55189713137725.805
6110589801213139
2647334717617.752
187397517008006.75
698381655605492700
1299520918841023e4
4872422088159.13
4266334024201.994
3397740819664.2188
875330406131557.8
3590107822175271
293725970533696600
16547751972384530
323251879142336.44
167261981354.342
712565626022476.8
66792646914269.375
87162620449335.38
223019243148966.9
14182468632592.107
5107800635522.209
2754352072021256e3
283064269390628.9
3531377610572175
3509638596332507e3
1833821404453798
12052680594264.498
97056242566937.11
131892461624992.14
270105923623534270
7295419354429.709
2562527003597485
9814620969186088
7490101901382198
230716312683539.88
3700554932487075e3
2487288232866605
2203366322879.4595
23115417288948.88
55950885570649670
15205180782771.295
54440418723592.26
16184700092776662
61455624116035.08
4762787505940.656
7455866634232522
115194785545114930
14032115563576674e3
4027780519029912
1679934391506.42
694403298675.8228
12670854359190.35
22353168247709.09
2556718314796542
12792661913626228
73131944121232.92
16223211709873.223
3309665334861094
57948868504679.84
180855291071548.78
137903851844466290
25284792459582390
353310994179628900
468094067158406
7832794819221.167
2772799845432420
15692096350094.482
144184635184517.06
1331769548483015.5
215281663631642.75
75043192392992.98
547714309364696e3
32003090703104004
1787029094846.0586
1054705702825.5756
26640015709713.996
1570766989216245.5
97542642703658910
29227186376426160
93236841288949600
16510944940479484
7972425497098.909
3288797017500021e4
34804482559615.93
89168057622978.86
92397648074403.4
93687225571460.69
76167556863640.38
52433938240671.15
14636722339729.955
169699206965514.22
1731193900431.8047
948048352575444200
181467797331586.44
109273881426555.52
25075144976267.645
791488806983739.5
8362358524065.679
5439991582788522
11257142770418.451
8907558114758.629
480020499187943.25
13130726540020118
42863642269621.27
79592156535400640
1084065885078938
20675189841146.96
33281195098099.01
1813617039974368800
21820921326243.1
381812377759082.25
10322621964689048
1013918773286.551
6782844146780.3
725218495893391.8
53569443351647.336
150308774767974.72
163974482295917.9
12704052227416.527
3877084421594342e3
1842686273728148
116302566016998.28
411806510897.79816
8005899534225.439
339488560610555.56
2378114381088866
94746487191608.86
24124085085971.527
514795801660671.1
158248512978575.8
48286600483164.85
5181156179229210
801613997780209
45269283452665.72
133361919456614.92
844139049179635200
942882998199.5774
3447856166386198.5
5778847097803409
7001138663882182e6
298682308467315.56
11122419721183.28
160769113932582.47
2459909585598133.5
9533363095730033e3
218679699887023.84
5535123573699.393
17653157574269.38
45574107241112960
2626098882942.369
1173060579953.8374
67276613544337.7
72982177433603.44
344342623285256600
88056826560669.06
15556695332874284
1418689709213170200
587309751474968600
1053201140514589.4
2140997960794903.5
347181317051240.9
2415946482717.909
591217673942072200
121963133273625.53
3203010002252473
7746007142962.553
18563915432764.18
1401500243588953.8
12291100725788768
11362989090744.914
2355631154242333
5000665900084.783
8194779910837.95
521614332494.96594
2573995193357.728
12480005631619904
211046595702090.25
2078095032421634.5
16005834678185946
1191636227021643.2
81877453255702990
17043644935257.615
16875978301868.738
50215032276397.56
251703649314764e3
13221757913629.068
22239175090854628
74048632686581.75
2295364281214542
5149543319930733
9949032497040870
7731155816741.666
5158669506399638e3
2491032041057.1333
268890459304382.9
2024542057350849.5
22085985563345058e7
3851738371204.245
2596984234828.747
26386249387371.32
43593627877966.39
71837858897308
63175035062813800
8606901067635.155
354552286750196.7
1031944035108917.6
23947423208228.69
819203276698757500
274523412142802240
227107509957706.3
385392992477004.25
860572096516043.8
1182159262580733.2
78331723362270.72
74724872021418.31
79013427233166.89
174893955610678.4
6841054181113155e6
21867330577868.855
2419902471148.54
10798318628680192
21750041424134237e7
1786414646816637e3
23712741789549.348
4610627119494120
7100366167307429
224880312309.79144
3149218116145.232
224670860370492.94
17725201666678430
4542417908806.217
1963195399304714.8
9328678844036740
386415048847588
300533619941805.5
2303971213334165
2694685103253.2
508653066415079.75
21760154152151.035
1117398504662.1638
9251648421022.762
31014070766824.387
3458601427390186
479593500683860.1
4461627517454660.5
28315509114421.062
796037276917628.8
595316223235506
11681948002767158
15906223545226.2
982357298673707.4
224184970284197.7
50949406148807.78
3764747381282.7065
2062535226136.2136
2367527622463850
565508821030.6385
34439346967610.086
8666140762943.076
10164651549066935e7
431488699604596.75
138922702753428.3
6488991703709.676
4022549984281210
4564849241522.617
410896943213292.56
5250157651386.779
18583162495686.047
183559145727128.97
752479235267260.1
198095401710331.8
1109898810556.8115
116167081531569.94
11834524583788.543
357666970454781.4
18739470630472.9
705688436954.9993
2822295758213194e3
1792912177866461
2287455959073659600
682049632562527700
36189453713248.7
32631584089891.91
1169401079512768.2
33339525541053180
381432910561.6952
3509647663467.865
5387844627924.482
2259138730764.503
140177553608718.08
6467430480375.808
4569049930002734
1501413837104.003
265749190905893.47
123417617947247.62
492718064665742660
253639511295159.16
1758523900856490.5
486931609567.7368
143207304052047460
415850342595708350
34374928795912716
2818766711605.5117
1797432406119.0098
11225397299433.51
32162876977514.527
15635693176508682
477443798273824.06
7222639798982.426
55190170305200.05
2451608516601.25
3176999300207156.5
3486161382410.158
37893512125859.49
4537584949010943e4
970563064130.4462
1615738750539547e5
11278337485545988
239188051899850.7
334153948792363400
29881756246891.805
65532608875726e3
985263138728814700
12017957642862.56
8386918806808.869
15367722739835.797
59076540710569176
382998084643616.94
129630589948236.62
10379174194183.287
35609430499779.23
3738350644525873700
1753348598684154
13146509302404612
25929489045141896
22103484980088.305
561804806515166.4
1384666850066331
107714721845222.19
163073970419530400
858576279828501.8
76447886343236.83
3383120124588.2104
175029882290765.47
242562295737067.3
7188553308718787
228575330706238.97
40677090116237.16
87540280200312.89
1233435052597489.8
9199818748637.738
210006251516.68866
109891107481216.97
597886968412066.9
36648295791409.555
960203224544713
42731483959886450
6310754496762630
658492817939718.8
19994904088352344
1032226238354155e4
112501884616052540
1548058543294.6565
344984302483437.7
601723858220664
272648351277.88446
7293503333596.32
1221296475663719e4
5358449302483.565
319547566993733600
9443984052152.781
560876152612.212
71719295602327.1
679491456471469.9
16402257547620058
38514318182591.086
4734703421431804e4
880669812129.4816
306030335303698.25
7113222393269015
46392288452348240
230242723720364.8
1819504328840.5708
581898877027.4055
3201439283877.7544
9913906301095424
619066821161293
15206652075306.81
54186487551543.93
20806668527367290
92272379254671.34
733863569942481.2
16163056549196.717
789951179794528.9
42717751213475.79
348176412459525.9
2108271497850292
32900436666907.453
195349333692631.94
1113981528201.497
18995021672909.426
49702423061734.41
9026257611581878e6
97479940899003900
92613781910951.06
57206755290878216
4981242466126.512
47389017154334.19
17343239218226.139
1700487512672.6057
1856893819949171.8
9569421301674.12
2010920756761.6638
28750463248116.69
879119691919868.8
13950810928035926e3
36175840543298.95
70660875391021.97
18901540235080490
239649989135475.47
4893407019156.774
20782613251944.22
38651379706065.195
90137410757427630
553664637557556.9
14548962068259530
21333838628344868
277144363834961300
1236956904251.583
1396804676560526.2
296931912051.1288
1838370931127103.5
14317635403860304
48577303321515.06
5848448920891.037
4905210452515750
220523252861313.47
68833451993148620
891494741161804.8
564924485130703
1637739400455.5903
72060275240679.69
3618180717703102
36100311309273.234
557742944547585.44
11624729501659.062
14819341760219.102
6700816760579.905
8686744327386275
289429611906512.6
185664087196796.53
1038009331089863700
58832667017381.05
178985761878478.72
13197271270124600
3409828241756.4424
1285533548292.1733
553456081649601860
7959211443347716e3
3607356351031862
16135088435514.777
13416047999111574e3
100264516301054.25
4101016670004.685
59545615221201.06
248665459170740.2
9735198881049.78
8837426063952751e6
84122120292545.1
196896011967712.28
57166390825822.016
2600363370950.9497
69497064358374.03
29719551326139.37
2216216482141528
4979164909332262
31846515051107.812
656137425861.0691
1804614879054737e3
36981449135797014e11
85791445057039.55
18808345231122420
12246289289185688e3
76617038392980.16
7496804528203.07
22416143008463800
149139328319480.25
9379634244577542e3
410329759487451.1
7680618307307735
492961087820580.06
16385100166274e3
277070105801909.12
512330831247.11694
286224285213628.4
156662157768430
792365474776209.4
119995625731835.2
13898293847100.361
7974376767651.468
8768458026338982
5931383300168262e3
14582251555245.457
292184316249209.8
520563605001.7406
983387297450939.1
254760335926288.25
11739719389651.346
257365266681752.53
31360295783070.38
109497417999264.53
2858817270421.097
7592256641890.752
15671799424994.793
4058637965802.7524
2044827489479.1443
1437958861033591.8
6477849256188.2705
1696532480226.1953
4139190544353157e3
30129277936515280
949209101032970.9
604156938358.8134
44452553336992.96
110211290612362.34
7514121236420.84
129871339322789.69
239295767150958.16
2631435872607947
174559119652379970
3415441468055816e3
970006820572.4785
16670028060950.365
896606366918527500
250764743125280420
43364575763657.65
4267903394076.7065
48602869597447.21
1085473184657001.8
1584083684689793e3
1979813481397054.8
68442112744150.06
14079987759736.8
89973903433650.06
2001011635387422.5
5655518276789605
8559380860922.873
758132807361185
1250348524748214
405518747055.9938
123795630657683.86
22840813406506.54
1070897920260033
103500937310118180
507426565928898.1
169831060938675.34
6664763844148334e3
1052737759207.7493
22261709569490.19
3459129271520440
36698643899923.914
454062698638076160
1946775493113595
11708507561569248e6
1369046845569511
160013715485.29752
690948247032835e3
2445843517239.6084
261385879516966.62
276003633887637.53
387738169267026
1118882631943520.1
1580385801181.231
656675842416254e4
15205605477038.055
5095594962344.503
3200251999881.6606
606363393026546.9
7016482399184094e3
97842475841509870
9037583096865.314
101810827097631900
37446977413466.664
3917071140295208
30052895093408.13
1753070105321925.5
11125152358354.918
13462102274433.328
26711484080725.727
7402139305520.015
6433516468835.95
181862880274.5574
7078657979082654
3267119981867271.5
18052532864904.008
5774700438612.545
6714120317525406
309966328093222
112307710496549.39
192372977961.58112
377210661957864.44
80927043195541380
8452082144828454e4
19794227415663.086
186572221693067.44
3977022727856693
4624457929849227
381368320368706800
37107451991740136
390439700984417200
1869354851886051
1935864667617.0005
11798497300851150
1197425257548.1123
1080000482437971.4
42897780740392.86
21083244316241470
78208509645705.44
14135128317042.793
7935162392841.666
3077907923697.5234
86007856279131.48
73361403011803.16
156844892811723
6377892155909.041
21008536630061.492
1313320660443.011
416766753791606660
12648761439209.166
14697198321996.814
42831331228317.266
12086964343816.27
2066137345171062500
928680719630.6019
76269367015642.38
1222967379239659800
16117603160802982
4678152317818.746
7371280799043.499
7011764616396.477
1405000324334990
69836677450092920
144367786651907.88
9282538559153.121
23195396513713.24
1633933479861763.2
283938018890594.4
4758857770839.131
1391076599801.2014
1395981772825640400
22866650613185.766
12666604807480076e4
36135105948879.484
198000547643.20157
1020605498259.6123
5372096572175.1
44266896438370570
5800909825591937e4
810244201611452800
1009826059700656.9
1165328335933160.5
62815993390686.45
1072056311169.1273
4664151737168682e9
3360033032600376300
389108384345119.75
6824307890596.975
128033977633002740
2233330666640.089
236035592844.5578
1088577042474442.8
5018265840198.819
14704985821440590
105541495463545.73
16872512192724.514
21683801624023e6
115156247736081.7
7770365673434.131
385776013646471550
2852641561931.839
524670513023.5448
97909972452864100
271177852046692.5
314398572102479.56
32103983564225.266
740351083594559.6
4610179645736539
328206598168.0602
246239018359756540
79377575727829.66
10795942348795.107
1701310206095.539
10185078830882930
3083459675955293
13986245609809785e3
230731440789420300
1562401815614553.2
1929669466590.7432
291877456833.5165
3407380943878554.5
2758150552740543
976547802264234.1
24702451508552496
402252704156457.94
180806667177401820
83050009917185700
415254814308.14374
12640195273959635e3
1828863427815067100
14416852006112254e6
6990873250463.249
47695207614879.5
1863399199408117800
450713560967.8564
14981490577537.43
52175774151672.55
20373764921108.492
99770297197147710
399685950043353400
4215583108003013600
977844851005284700
383334326856830.3
82694333481257.97
1957632777761.4053
10933934254462.666
1106654858128632.2
12535025262634366
720306442287.3025
386394516094958.7
8678368276194497
7864131755631.857
106932095485649680
46850352076606360
569074153689.7395
81978477990548.75
199177326923783.94
3182391228939229e3
729955351121.5554
23975714939135.18
2444623209272497
8843299398508315e4
258403368793.01096
114393323352771980
587243450783.9877
18293066492357.043
45653780530365786e4
12008164740229.398
596988252915.1279
75072382168132.06
9380238349787.258
64888956622082.75
19795940399664184
636323287136488.5
15671223117340873e3
187571511714.3596
24042814312957.207
15079038154384716
13972858874507.723
1695308597312847.8
49351994464714130
18106231676812.156
1073213954184.379
238424660616775.72
2741378164038723600
597620214887.6147
66620545359963600
88141279729596.11
2471285747963.3804
753340705044.1647
367040059464710.06
11990783731027.123
3981758258955858e10
5758104183434.776
1052431251325946.2
234206612007.54532
28442084830511.848
270446899387433.97
4037843506090.7627
3772391180280907
3976905945485.0806
529494047922865
10857378527742712e5
1458269286273041400
29769902323461.47
4128146647258374
10199991050926.072
154637462223992130
17356753161888.094
12048576275653.807
1203578835804291.5
14455791164692.49
2990260002067.8916
40421479566443940
11335668384225997e3
94166520380235460
1537899736111.0188
1295026971109801e3
1354105818725.666
7006053595882.402
168403044414948.6
18155049244213.055
17656385805582199e3
2347291886569.7227
7785061105129151e4
134185470118593.94
65199438669942.84
310942583237923.75
1334082681018463e3
9229594447053796
28741393280499.945
607989198286889
12746176026488022
2389271089696103400
12835345309772426
34250788431497634e9
3171100973134362e5
47624611805000.08
233818602612.8781
9134063341159.61
16379472318373.238
22338942734031.64
55393294018108890
116955185105249.56
267371569441437.06
260585511514308960
8824746583400356
184813543353037.72
3344665322721.0283
37901601155197.836
58179785324737370
61619747735255.64
695163199624779.1
887998874580.4489
56397019378696.08
41671422091568.055
54126255899019.92
1249257963978934.2
24183537049347.76
328926093001.03467
47020264184154.805
64533711849597.69
20747587154408.152
5188199916545.731
60560511228438.44
3285145668692662
64498440136.8445
8597538926976.876
7932826610540.517
432519355572060.3
6964093117092.059
10594359036429.447
976516844312242.4
4189473544369.5337
237195717624677.53
9334511860917.023
40631491699608.44
2312561207227.8154
46598223419551.695
2373869083437111.5
130374673019277.47
32657402468504.008
88909510266512.72
44663544293.18199
813972458243816.6
7746294233257.278
1489803661317.4983
3436582976644.368
1100225212538.8271
27947962912145664
373278801275.2189
964136177633.5238
94335006922020.4
9625070779467.385
457902246752831300
34495054407660390
58665335555234.03
2012776043613.2515
15970630163888446
187118030726.8915
35746805457198.02
1144620730175109
112531833691818e3
65663468737242.42
1452288230775.8777
627535048541.7488
11099802274295325e4
15599685450344.338
831408583621789.2
8561464517198.766
11086970878347988
1258060945477.9292
6378506913411281e4
1688836118247830.5
6921270307409978
2135338550470133e4
7611320946620411
141770866770182
21263989871128584
377459711454078
1332830472198.8594
1929171944425025.8
383238010223017.25
5362610734693.462
5505927448861952
229713840257749.5
498142761104.2859
7179860217736.104
724008274914.7767
57928058761036440
18084971827260.184
4068654587319924e4
144128276537786.8
9359266728240558
718756532604106.2
1159016597692.5908
40835479292835656
45853292248177.52
575958098204.6799
274695611574450.94
296018308803810.4
63779179874825330
2341734708763161.5
12259017901506.926
90442423999596.19
2580405837652279.5
73782835025174.48
8779854864692220
11719372796719.297
10695678105921942e7
353506114951677.6
1500104900670429.2
44595651421573.484
267154164293267.88
2135229824069.972
6625864847153217
4127589641563211.5
808155610773453
8226859479223.729
174163574804551.9
152198815553178.94
88557511177109.61
1960476946220646.2
5152700109365628e4
164689713725010200
202773429133351.2
186890444384356.6
556390144017121.6
16053993809465.707
10456001703760.717
678981548797.9792
7750471113507.66
1963110731203.2563
7216384837138453
128238793831448.62
28878288238347.438
133340607075596.19
7753404914757896
2841894871634986e3
1199853790598008600
69894784333425940
22446954799154168e3
152791923081447.7
2648212476391142
494857698797.9211
22104443832790012
5965188948582992
51862254576596.984
6429212049886353e3
37586508839771160
251760534370370.44
237872418044343.8
19418621304265.31
561402082366481.7
5409602983366.296
2485381516706341e7
49538054901603.57
46424532998056.59
1952334150566.457
294435409885007100
30193439104852908
16810070731991170
5005418420314.354
20371143824684.63
1492627355215195.2
564412098739971.5
112370185476019.19
24747577413651016
899999363698.6154
44459046152887.055
25539773625219890
34573377676899.42
2777355170371.477
1370802826886851.5
21794017236368.39
13339221759062.592
1826207134651385.8
2126041272917740
131253418843913.22
354684916494325.6
6773356146660797
1824209662940285e5
2652762191562.869
224098014181472500
14561563998304.492
455725777311.9793
21735491287055.344
825302475049.7588
294563311721.9012
4678651919455.547
19550866989180.406
70477988688486.73
179883071034478.8
1881475016288949.8
38459545034842664
20744655822208570
112040608816084.14
34768716685468.086
20601733423409.547
439166793120.90106
605110547675559.4
9805310307962.387
1449919478778.6138
3071541177519395.5
516427839289.3461
2128722618701040.2
79018752464227.45
2365785213841498
15353120883362144
4254047934052.3857
1589089199456.7566
48318420805847.03
5282395919573.783
148828661023905.75
18154395497635350
17053184724605.492
15149144039221.293
98505677664057.58
13618301464968.176
243990205511006.3
100737802805816.39
526978736160542.9
128390946618045.1
390898425686306600
375932102307807.75
155219570079654.7
121344462835681e4
1152953407308222.2
1833349403796866600
22169437115280748
367162030268901.6
46942610118976.195
395905103111708.8
107573128025155.8
27467934166549905e4
26068588433504.945
109284684849063840
1060112584340340.9
48595318555937.44
33681112052799936
2940022472116745.5
7713810616652786
241074029603343.38
1592826301771081.5
501289984958.17694
472547735717540500
52679371556517.05
47846565717.61344
223082646227705.94
264440865077425.4
781739256817.7695
822466275780.6069
2066284770188.88
673440827349296.1
379818006938.2722
8394670434341.935
99049555561279
39470571344976920
4698299438156016
58924437930086.28
111725154189953010
53520697074661.19
3183910772510.3916
12078966374286.848
27361663478077800
197659030019433570
94414602475343.36
156197936309307.7
3103668417190447600
31947941912.790115
209277151395233.97
47236147982154.15
307013035682.0382
4542026273990.115
9787083190664.885
1141039460456.0562
57792944158753.06
7891664741145.166
1320855057390.5776
109753259853.19415
2372256064773.4014
77786249453164.62
862468890185151700
6052579073093.985
3118324323404.1113
5058742696680.545
4857442163458.068
10567978328752404
40936588497383496
751020252671641.1
671274142990998.2
2074976509009.634
39231435030773710
13553279459255.604
33774753356869.824
207689464039637.66
24384464190348616
1830484630717836800
959557369855529.4
103317921859226780
19624388903227.04
14538478642961.47
1461928787699.9326
2023894236043.8076
314050685921530.75
15341931800439318
1184943810722483.8
209166109785380.84
344867658371764.5
26995003589893.17
70354692602215470
21026862987021376e4
799477144496.1769
1937873224088.377
844886300803.8276
566616391241306.1
9377524888710885e3
315390441000175040
33886689873524.7
18029609387264524
22348727061565.305
36437060438414.8
285567845099701.56
3216368122396119e3
4299481482460330.5
10147954545841110
14782714700813.562
843202759231751.6
48306092885855480
400086360365813.6
6045786284111.626
33555001517859.566
912192005730117500
2840358982431618e6
63588218479791790
29347062853298.957
3601502386780507600
79109985450920.02
2293111195073.0547
94422541350694.72
9038372639988.81
19645143817166.914
127480379209549.3
75154493869068.4
13922238598061.494
124501792338066.38
3071767753595.33
3140968267297.4883
1876562277805719.5
80775194191007.56
2170289048371.1123
60714930961131.54
636995744334842400
16955390160861.82
42247646676727.484
54186839940549.73
33627806259819096
644729652941534700
43357097090717410
3685598212237.958
3189442117276.1777
165076052710565.34
413213625977848.5
2449557484075.525
254933755110.6869
9642241010405090
13634001208306.852
58881834049.3569
2830410911211.8984
28668096901528.516
13886657712213.205
451796810633.6619
731740383592444e4
23564704571819.613
1569488479146.0789
15643537966539264
2016782254156205
30064489102921.16
10551782102301.02
18958596716905153e7
24846658712272964e5
15369520762845.87
11996736369082400
65368925369536.375
467636317796.5195
4086038710787.196
8426032328161.297
958659879244363.5
2929349475138321
4180705532316065
62498402251768350
141235898134169.5
50539788862367.88
14888914705704.332
868211103113414.2
1210979359874015.8
1259894271924077800
504096385655662.1
22366780232804.227
6868765219368336
61370926451128.2
800702014287712.2
252781592626.77374
5088738061708.842
84175273489369.42
2648836309541.9873
110643828270.95123
501311807110662460
189000986016825400
956849918669.0286
398472574179606e5
11921843503965.697
18977973437076.703
11448672762972616
23996422879127.77
162223569487846.34
61297024319501.41
6006939814235237e3
15810283449007.496
4457996537432658
637854030383048800
10669010970570.697
55010705258430366e3
37003910534976
1643910304569711.5
826735052392516.2
217787365878717.62
5703808244611.588
17322475990522.035
840868091877338.4
19888209858613.887
3141934715062179
4209625841041147
1755829342956548.8
29129331865018.43
31705997799815.39
484897309029546700
629235721933179.5
12761546344.968683
21603560911198.477
60239150181189816
8647641031529.904
465921036695628300
67707304348110.266
813385860889.0151
100429527720.98817
384044665361.33905
19135924065318492
9437601287912136
1250040026640.034
103922932444669.89
43552516879249.52
140798268041871150
13028467657190800
6779572116185.27
621051976634.019
760333469591.0497
19529187925939.977
12473377102402.125
801807001232.756
3876225297768809
3616695680877.6606
1592568782658.7295
3003661545932.5376
11615516994930.754
56880510735611.47
47711378321457.77
2588333510653563.5
3051226522943.4014
421214242635581.2
143413363766664.03
6261890770806.847
77033402956706.88
12734937479712.977
16597793451489354
18483406030325953e4
2526021348469.074
288030756502842.6
658754606412630900
26096566353888010
142738269856550560
156678641609.6391
76807432842311.61
1344109538042.5105
31331783680034.47
9470369250048.482
4040544811466811400
1939749301341.9001
3263917714581236.5
5101193442100426
183422607740122.56
51288179691.54092
284808158039867.06
229916775042331200
34428604929731.77
4264344232412.7344
1202313570305.9849
353899828981506.4
1640448618832622.5
117530222794174.86
236440044681029440
1542092066814342100
1378093859758358.8
383326869139.36255
15236812368471.898
119340029554854.42
6735209157211.897
5458040672603.495
55817316993771.77
3252193306981.8486
12304415058002144
2065312787806.798
68881124417080.18
8228223620160.436
71546247772792.12
504965608110027.4
205697260527488.34
80595974402657.47
3938149701488.274
24631111822887.727
426358178381.12866
9465885344078.383
971949759476.079
158304949786377.62
8471249120438965e4
44340921370259.73
96926161904508.17
81545843241929.84
12106991045544484
1173534300211902.5
5966971494347.961
3170635063074.311
75468183523420.75
133545692001905.53
19793678892812.633
1547900824182.8394
124542972521742270
7757623721822864
13697566827847.502
4260138316596.4175
55912361941.76573
4648348992006.054
1082179427163766.5
15663933044233892e3
155344060327.47424
2170452599585290200
17201397018451388
5121533541514185
29982591482934.375
375406713508677
375266512998.9889
3455913673925522
2368506006940302.5
633302461306.8331
1267072849096820.2
91296058176.97423
156497053131451.3
1787310912542413.2
5525345078659.107
33774022550412.42
6236164113964.599
3058570002203.352
591714241845936.5
4378928730914.2905
3299044050155.2144
11779555697982.725
118428041453615.44
111012946027093.38
169760874768972.7
36090696527573176e3
2182287790741.4814
765936303329676.6
47165013193958776
10511573066372.088
75102709537028.95
1651892836425711
7472605307641.011
148164914323816960
71473482849.02534
257098755419177730
24278347131233.25
3956803245045.918
12783408127958.674
3148886041204.91
61625616593308.76
16274930510110.281
188055341326618.97
12278991701416.092
1846604596271.6565
701904501028203.1
196397409986893.5
10822241064151.357
1023334106746457200
1241798305982889.2
75313227927035.88
1217438451193056.5
27554190769745.562
157687418671.07123
1970037338644284.2
25857596090612.465
9546978216185.531
551258396346367.9
152858660382033200
40428093272633.7
845531656915.0883
1446362638311.3608
1164060423841033700
63813182551622.625
66252399676682850
26181419061351.516
2153030709321.7827
115542760000119
158617401172.01944
23080011182379.395
721833984816.4014
130203335434708.92
472452087778.7443
1564648436374105.8
2897367449618.015
116421879137701280
1674836336541506.5
294925323779316.75
7220722364185.553
2845845422325.498
2875859931734.318
2771418881965.2476
2059592399866647e6
1516950860448.5518
55461502768945530
10340555002797144
1319712432148.816
133090228084596.83
2547887044735800
656410529824844.5
872761183882.9492
480019513405.32324
15394015169954.184
95276571173772.72
70449162850394.19
876173841001785600
4765752278137538e4
39518457158709.414
3210830741938.556
25917597726206684
115529747939849.69
70099350305.3028
44950770855200.625
4822791926427859e4
1684390269433.3635
3772369795035.5723
2243722874114904.5
2928192795518480400
230105540208.2392
101609011503295.16
5747707330415.567
48600984795407.61
266767337823212670
479694334217.0243
393801448625.32983
