  3.374984089135
  3.430215146846
  3.485446204556
  3.476394256172
  3.467342307788
  3.336045480918
  3.204748654048
  3.228273963136
  3.251799272225
  3.177375973608
  3.102952674992
  3.251341094966
  3.399729514941
  3.354259651363
  3.308789787786
  3.384050722142
  3.459311656498
  3.292679267265
  3.126046878032
  3.291445351482
  3.456843824931
  3.422818429273
  3.388793033616
  3.314304138428
  3.239815243239
  3.248358067384
  3.256900891529
  3.239053208835
  3.221205526140
  3.429841285384
  3.638477044628
  3.769565858752
  3.900654672875
  3.869863196490
  3.839071720106
  3.825218652820
  3.811365585535
  3.856577443795
  3.901789302056
  3.864590839913
  3.827392377770
  3.939782506929
  4.052172636088
  4.090517036680
  4.128861437272
  4.076864873267
  4.024868309262
  3.901594640421
  3.778320971581
  4.075238006890
  4.372155042200
  4.419740753211
  4.467326464222
  4.447683277804
  4.428040091386
  4.392995212757
  4.357950334128
  4.223408800545
  4.088867266962
  4.071115658824
  4.053364050685
  4.125204129213
  4.197044207741
  4.196262832322
  4.195481456903
  4.201465987425
  4.207450517946
  4.176303951645
  4.145157385344
  4.175609133308
  4.206060881271
  4.208547202829
  4.211033524387
  4.058110517459
  3.905187510531
  3.885093094057
  3.864998677584
  3.881839158288
  3.898679638993
  3.976078782661
  4.053477926330
  3.783392494132
  3.513307061934
  3.692548659107
  3.871790256280
  3.634413337375
  3.397036418470
  3.303096952229
  3.209157485989
  3.276430905564
  3.343704325139
  3.430966930177
  3.518229535216
  3.399617991504
  3.281006447793
  3.402153833063
  3.523301218333
  3.515899713152
  3.508498207971
  3.598735128782
  3.688972049594
  3.515330286647
  3.341688523700
  3.244672273834
  3.147656023968
  3.332102218382
  3.516548412797
  3.580996641112
  3.645444869428
  3.672606441845
  3.699768014262
  3.470741483622
  3.241714952981
  3.528301717577
  3.814888482172
  3.784061682385
  3.753234882597
  3.771742193773
  3.790249504949
  3.599650735518
  3.409051966087
  3.404672243938
  3.400292521788
  3.421421902615
  3.442551283441
  3.387701225706
  3.332851167970
  3.344343074260
  3.355834980550
  3.220041731367
  3.084248482185
  3.127802207826
  3.171355933467
  3.141986860065
  3.112617786663
  3.258922911908
  3.405228037152
  3.136756406148
  2.868284775144
  3.035661850142
  3.203038925141
  3.362798334559
  3.522557743978
  3.334359404618
  3.146161065259
  3.199814034811
  3.253467004362
  3.209911231482
  3.166355458602
  3.077051391426
  2.987747324249
  3.062454212573
  3.137161100897
  3.149808018093
  3.162454935289
  3.219665127023
  3.276875318757
  3.188461793709
  3.100048268660
  3.160506454791
  3.220964640922
  3.149238303306
  3.077511965689
  3.126938223935
  3.176364482181
  3.210870496911
  3.245376511642
  3.174491723068
  3.103606934495
  3.040307679889
  2.977008425283
  2.840282786283
  2.703557147282
  2.813697441507
  2.923837735731
  2.953363923186
  2.982890110640
  2.956261129557
  2.929632148474
  2.825272282871
  2.720912417268
  2.753544744905
  2.786177072542
  2.779421061288
  2.772665050035
  2.708718415431
  2.644771780828
  2.699256662126
  2.753741543425
  2.950717959076
  3.147694374728
  3.234543040474
  3.321391706219
  3.179952865526
  3.038514024832
  2.984832842006
  2.931151659180
  2.865101761207
  2.799051863235
  2.626735036600
  2.454418209966
  2.557608773861
  2.660799337757
  2.587850283601
  2.514901229445
  2.571297769316
  2.627694309187
  2.622813673398
  2.617933037609
  2.588387596375
  2.558842155141
  2.703584146672
  2.848326138204
  2.576096056112
  2.303865974020
  2.520361713946
  2.736857453873
  2.711690145083
  2.686522836293
  2.563853034960
  2.441183233627
  2.477320983273
  2.513458732919
  2.531043371497
  2.548628010076
  2.578526155474
  2.608424300872
  2.526175846558
  2.443927392245
  2.581545759690
  2.719164127135
  2.823802216542
  2.928440305950
  2.800811417292
  2.673182528634
  2.721935727328
  2.770688926023
  2.744186174629
  2.717683423235
  2.693791328850
  2.669899234465
  2.767844215101
  2.865789195737
  2.698904445656
  2.532019695576
  2.457551418131
  2.383083140686
  2.528954321050
  2.674825501415
  2.669608949707
  2.664392398000
  2.599363982204
  2.534335566408
  2.421362620269
  2.308389674130
  2.404671874866
  2.500954075603
  2.400446729683
  2.299939383763
  2.405149378980
  2.510359374197
  2.513397145479
  2.516434916762
  2.473303683436
  2.430172450110
  2.272998706947
  2.115824963784
  2.159754401997
  2.203683840210
  2.360986997227
  2.518290154244
  2.499455250494
  2.480620346743
  2.587903262940
  2.695186179137
  2.529606847404
  2.364027515672
  2.341963663594
  2.319899811516
  2.373816633966
  2.427733456416
  2.372925801296
  2.318118146175
  2.360831994877
  2.403545843579
  2.405727343188
  2.407908842796
  2.546694009254
  2.685479175712
  2.420557730588
  2.155636285464
  2.281158074086
  2.406679862708
  2.509060811217
  2.611441759725
  2.563295376122
  2.515148992518
  2.647359763605
  2.779570534692
  2.732918004114
  2.686265473537
  2.586652924858
  2.487040376179
  2.498690617932
  2.510340859685
  2.399431920072
  2.288522980460
  2.226284695810
  2.164046411161
  2.259821608098
  2.355596805035
  2.310259638751
  2.264922472467
  2.425901859983
  2.586881247500
  2.578290444198
  2.569699640895
  2.564290324601
  2.558881008306
  2.615057704974
  2.671234401641
  2.638034433167
  2.604834464694
  2.635831148159
  2.666827831625
  2.637734626380
  2.608641421134
  2.626374395094
  2.644107369054
  2.695187480181
  2.746267591307
  2.745453500178
  2.744639409048
  2.702719405672
  2.660799402296
  2.680528188125
  2.700256973955
  2.736158891288
  2.772060808621
  2.870688165437
  2.969315522254
  2.912035463757
  2.854755405260
  2.778765439912
  2.702775474563
  2.884856792477
  3.066938110390
  2.990001427318
  2.913064744245
  2.797310048407
  2.681555352569
  2.726693319747
  2.771831286926
  2.753201077193
  2.734570867460
  2.795596038584
  2.856621209708
  2.764951236868
  2.673281264028
  2.699779414421
  2.726277564815
  2.801661606071
  2.877045647327
  3.144032217203
  3.411018787079
  3.405139523943
  3.399260260807
  3.608999099746
  3.818737938684
  3.682751696852
  3.546765455020
  3.571721825757
  3.596678196494
  3.588630604236
  3.580583011979
  3.527972706069
  3.475362400159
  3.412699668923
  3.350036937687
  3.627078024489
  3.904119111291
  3.836770074152
  3.769421037014
  3.700102683948
  3.630784330882
  3.645246025873
  3.659707720864
  3.666136376830
  3.672565032796
  3.645825262668
  3.619085492540
  3.721076665980
  3.823067839421
  3.747719121437
  3.672370403453
  3.500794395802
  3.329218388151
  3.405687068948
  3.482155749744
  3.396059746967
  3.309963744191
  3.347533500399
  3.385103256607
  3.355409085486
  3.325714914365
  3.291601956039
  3.257488997712
  3.244379703150
  3.231270408587
  3.353110318977
  3.474950229367
  3.306819209232
  3.138688189097
  3.069790983668
  3.000893778239
  2.985811909172
  2.970730040106
  3.122085794299
  3.273441548491
  3.205927304714
  3.138413060936
  3.126376088374
  3.114339115813
  3.141417068227
  3.168495020642
  2.946614916087
  2.724734811531
  2.710467703171
  2.696200594811
  2.816060619288
  2.935920643764
  2.834413944516
  2.732907245268
  2.678833286944
  2.624759328621
  2.726263337549
  2.827767346477
  2.920567271917
  3.013367197357
  3.153319522914
  3.293271848470
  3.169211506507
  3.045151164544
  3.074266725359
  3.103382286174
  2.990060186671
  2.876738087168
  2.943137176697
  3.009536266226
  2.913154977673
  2.816773689120
  2.970687638436
  3.124601587751
  3.219816178058
  3.315030768365
  3.407423164974
  3.499815561582
  3.379265168386
  3.258714775189
  3.316903558223
  3.375092341256
  3.185650745735
  2.996209150213
  3.131104865402
  3.266000580590
  3.448260378157
  3.630520175724
  3.610759536143
  3.590998896562
  3.586451422656
  3.581903948751
  3.839686519101
  4.097469089451
  4.017071668449
  3.936674247448
  3.906409199692
  3.876144151936
  3.907421691034
  3.938699230133
  3.762260473225
  3.585821716317
  3.790898660395
  3.995975604473
  3.962245378176
  3.928515151879
  3.954833081071
  3.981151010263
  4.163143231026
  4.345135451789
  4.201834195451
  4.058532939113
  4.003303755846
  3.948074572578
  3.987854885691
  4.027635198804
  3.994209539224
  3.960783879645
  4.005589470374
  4.050395061104
  3.873958796802
  3.697522532500
  3.681995189253
  3.666467846007
  3.759240768551
  3.852013691096
  3.835851131898
  3.819688572701
  3.886945969506
  3.954203366311
  4.041167076657
  4.128130787003
  4.284895629898
  4.441660472792
  4.366510420864
  4.291360368936
  4.321000028471
  4.350639688006
  4.129658291813
  3.908676895620
  4.044659086157
  4.180641276694
  4.106139317526
  4.031637358357
  4.032722115127
  4.033806871897
  3.797950490509
  3.562094109121
  3.457760886736
  3.353427664352
  3.486565875853
  3.619704087355
  3.505177570218
  3.390651053081
  3.355027261699
  3.319403470318
  3.333036637006
  3.346669803694
  3.383012633205
  3.419355462715
  3.483083097850
  3.546810732985
  3.613018748569
  3.679226764154
  3.643488046366
  3.607749328579
  3.411902912354
  3.216056496129
  3.228015921535
  3.239975346941
  3.143166887471
  3.046358428001
  2.911114273988
  2.775870119976
  2.896823021049
  3.017775922123
  3.005453657341
  2.993131392559
  2.875748663892
  2.758365935225
  2.753304555853
  2.748243176480
  2.619501525081
  2.490759873682
  2.611262274587
  2.731764675492
  2.982243742434
  3.232722809375
  3.003236586736
  2.773750364098
  2.990770643391
  3.207790922683
  3.059617497368
  2.911444072052
  3.056896322158
  3.202348572264
  3.253039466337
  3.303730360410
  3.073552762567
  2.843375164724
  2.845537487049
  2.847699809373
  2.770622622934
  2.693545436496
  2.488432536887
  2.283319637278
  2.300805750867
  2.318291864456
  2.434748954582
  2.551206044708
  2.472396062745
  2.393586080782
  2.476254652362
  2.558923223942
  2.449501032321
  2.340078840700
  2.355130495813
  2.370182150925
  2.291854315053
  2.213526479181
  2.228480325600
  2.243434172019
  2.165569144492
  2.087704116964
  2.156448380343
  2.225192643722
  2.246119986742
  2.267047329763
  2.193885158786
  2.120722987810
  2.130879135399
  2.141035282988
  2.115354275964
  2.089673268941
  2.039122709179
  1.988572149417
  2.083506128362
  2.178440107308
  1.977485948444
  1.776531789580
  1.702609919928
  1.628688050275
  1.674818244561
  1.720948438848
  1.763502996711
  1.806057554574
  1.775188207725
  1.744318860876
  1.758733726924
  1.773148592973
  1.752096540013
  1.731044487053
  1.674606180471
  1.618167873889
  1.721652890521
  1.825137907153
  1.674617606263
  1.524097305373
  1.462249035142
  1.400400764911
  1.353822728663
  1.307244692416
  1.463658241319
  1.620071790222
  1.534724530765
  1.449377271308
  1.560464150969
  1.671551030630
  1.683746949830
  1.695942869031
  1.785386718449
  1.874830567868
  1.816708690631
  1.758586813394
  1.843651543916
  1.928716274437
  2.106098465328
  2.283480656218
  2.217509270472
  2.151537884727
  2.084375580482
  2.017213276237
  1.920309420209
  1.823405564181
  2.059909691006
  2.296413817830
  2.268406826224
  2.240399834617
  2.450400768118
  2.660401701618
  2.421599210549
  2.182796719480
  2.271729592539
  2.360662465597
  2.428559225977
  2.496455986357
  2.383241921927
  2.270027857496
  2.363468025497
  2.456908193497
  2.616932786682
  2.776957379868
  2.568551275694
  2.360145171520
  2.311868136232
  2.263591100944
  2.425315224726
  2.587039348507
  2.666165190999
  2.745291033490
  2.691293826759
  2.637296620028
  2.873715820668
  3.110135021309
  3.123293516665
  3.136452012022
  3.232582228684
  3.328712445346
  3.263162239285
  3.197612033224
  3.212592821985
  3.227573610745
  3.308676685175
  3.389779759604
  3.501014640971
  3.612249522338
  3.653930630237
  3.695611738136
  3.603899323612
  3.512186909087
  3.254192584885
  2.996198260684
  3.104556894742
  3.212915528801
  3.255171816871
  3.297428104942
  3.164806743469
  3.032185381996
  3.138438493941
  3.244691605887
  3.191859695213
  3.139027784539
  3.148810278354
  3.158592772168
  3.219373053128
  3.280153334088
  3.313540685803
  3.346928037517
  3.040936420768
  2.734944804018
  2.818689063980
  2.902433323941
  2.915212861264
  2.927992398586
  2.704248465141
  2.480504531696
  2.557150348169
  2.633796164641
  2.736091015564
  2.838385866486
  2.753349063813
  2.668312261141
  2.595268251237
  2.522224241334
  2.488081900713
  2.453939560092
  2.609041202124
  2.764142844155
  2.662707599572
  2.561272354989
  2.638719848997
  2.716167343004
  2.664603846714
  2.613040350423
  2.575858304777
  2.538676259130
  2.419130389801
  2.299584520473
  2.311923311036
  2.324262101598
  2.284609246663
  2.244956391728
  2.152405352164
  2.059854312599
  2.041858368441
  2.023862424283
  2.199868557958
  2.375874691633
  2.548586059231
  2.721297426829
  2.648228835376
  2.575160243923
  2.466610767845
  2.358061291767
  2.484230019054
  2.610398746342
  2.547959609636
  2.485520472930
  2.447459016572
  2.409397560213
  2.474525692738
  2.539653825262
  2.497069414502
  2.454485003742
  2.591810965567
  2.729136927393
  2.824713834054
  2.920290740715
  2.800014680168
  2.679738619622
  2.672322930328
  2.664907241035
  2.557346698448
  2.449786155862
  2.597947791261
  2.746109426661
  2.688367541320
  2.630625655980
  2.594153348628
  2.557681041277
  2.315575336288
  2.073469631299
  2.185544224366
  2.297618817432
  2.388572256170
  2.479525694908
  2.476538450720
  2.473551206532
  2.488693180997
  2.503835155461
  2.528564501626
  2.553293847790
  2.471398361252
  2.389502874713
  2.545292635306
  2.701082395899
  2.729680787002
  2.758279178104
  2.598775555879
  2.439271933653
  2.401647590322
  2.364023246991
  2.362209379558
  2.360395512126
  2.349212576790
  2.338029641454
  2.350535539807
  2.363041438160
  2.422519994828
  2.481998551496
  2.484207707898
  2.486416864300
  2.584245150681
  2.682073437061
  2.406787395549
  2.131501354038
  2.220868176682
  2.310234999327
  2.210463301024
  2.110691602721
  2.107767110591
  2.104842618462
  2.235300914555
  2.365759210649
  2.381826949701
  2.397894688754
  2.258947678878
  2.120000669003
  2.194601251801
  2.269201834599
  2.197009095308
  2.124816356016
  2.165270885212
  2.205725414407
  2.264006468514
  2.322287522621
  2.321388312457
  2.320489102294
  2.228038942631
  2.135588782969
  2.157375309554
  2.179161836139
  2.302522184426
  2.425882532712
  2.367168494689
  2.308454456665
  2.244695607104
  2.180936757543
  2.208297879686
  2.235659001829
  1.965022292645
  1.694385583461
  1.654364580693
  1.614343577924
  1.684538572658
  1.754733567392
  1.968280082094
  2.181826596795
  2.194650681139
  2.207474765482
  2.144459801853
  2.081444838224
  2.121589603504
  2.161734368784
  2.096801100197
  2.031867831610
  2.082298704229
  2.132729576848
  1.962412462980
  1.792095349112
  1.930716629942
  2.069337910772
  2.173268984903
  2.277200059034
  2.303441286950
  2.329682514867
  2.344150489244
  2.358618463621
  2.257306822133
  2.155995180645
  2.228957291790
  2.301919402935
  2.383040855835
  2.464162308736
  2.476094580064
  2.488026851392
  2.431708219237
  2.375389587082
  2.396476310289
  2.417563033495
  2.495179797782
  2.572796562070
  2.627062459360
  2.681328356650
  2.717286174095
  2.753243991540
  2.684620525148
  2.615997058755
  2.645890275820
  2.675783492885
  2.681005214200
  2.686226935514
  2.874009694181
  3.061792452848
  3.179654825989
  3.297517199131
  3.205605270241
  3.113693341352
  3.049574166445
  2.985454991538
  3.166074294539
  3.346693597540
  3.571235235015
  3.795776872489
  3.656438514471
  3.517100156453
  3.533886040388
  3.550671924324
  3.437577279712
  3.324482635100
  3.394670409691
  3.464858184282
  3.482343522450
  3.499828860618
  3.282262441725
  3.064696022832
  3.193943350140
  3.323190677447
  3.469142176335
  3.615093675224
  3.752063392257
  3.889033109290
  3.898574181809
  3.908115254328
  3.924467179036
  3.940819103745
  4.098227773942
  4.255636444139
  3.971154682641
  3.686672921143
  3.787188087029
  3.887703252916
  3.981482040107
  4.075260827298
  4.204898015935
  4.334535204572
  4.197112028419
  4.059688852266
  4.048726791627
  4.037764730989
  3.916029742883
  3.794294754778
  3.887350572373
  3.980406389968
  3.910559178443
  3.840711966918
  3.808918568124
  3.777125169329
  3.762817522450
  3.748509875571
  3.573975717435
  3.399441559299
  3.625005715454
  3.850569871609
  3.977992992605
  4.105416113602
  3.913988973766
  3.722561833931
  3.627914446381
  3.533267058831
  3.510049777494
  3.486832496157
  3.747761713960
  4.008690931764
  3.750786737488
  3.492882543213
  3.572220064220
  3.651557585227
  3.664093745465
  3.676629905702
  3.702828056749
  3.729026207795
  3.750405836748
  3.771785465701
  3.577688535422
  3.383591605142
  3.315362879601
  3.247134154060
  3.391300823633
  3.535467493207
  3.585447224672
  3.635426956137
  3.405296650075
  3.175166344012
  3.210267246414
  3.245368148815
  3.312636255695
  3.379904362576
  3.316016349145
  3.252128335714
  3.281823394536
  3.311518453358
  3.236983273473
  3.162448093587
  3.284382259248
  3.406316424908
  3.398541087650
  3.390765750391
  3.340717638361
  3.290669526330
  3.415109800795
  3.539550075261
  3.331044768217
  3.122539461173
  3.190877984530
  3.259216507886
  3.225606276874
  3.191996045861
  3.214630695963
  3.237265346064
  3.292624629196
  3.347983912329
  3.229616580979
  3.111249249629
  3.049918656843
  2.988588064058
  2.912357691536
  2.836127319015
  2.852687758503
  2.869248197992
  2.742370735618
  2.615493273245
  2.745297981780
  2.875102690315
  2.806688967135
  2.738275243955
  2.708900757104
  2.679526270253
  2.686821799381
  2.694117328509
  2.822404951937
  2.950692575366
  3.000632468775
  3.050572362185
  3.080389126498
  3.110205890810
  3.009529214246
  2.908852537681
  3.028069851578
  3.147287165476
  3.172900198329
  3.198513231182
  3.044730869048
  2.890948506913
  2.997573600116
  3.104198693318
  3.179606614994
  3.255014536669
  3.252271399316
  3.249528261962
  3.198264221162
  3.147000180361
  3.230783255792
  3.314566331222
  3.336510811896
  3.358455292569
  3.472136311722
  3.585817330875
  3.470959485844
  3.356101640813
  3.365762693932
  3.375423747051
  3.301825836361
  3.228227925670
  2.981866052553
  2.735504179435
  2.558521174160
  2.381538168885
  2.528619325712
  2.675700482540
  2.821274400210
  2.966848317881
  2.880910152611
  2.794971987340
  2.831293355552
  2.867614723763
  2.687359095995
  2.507103468226
  2.532427960053
  2.557752451879
  2.386344786220
  2.214937120561
  2.256767623715
  2.298598126869
  2.303570467911
  2.308542808953
  2.280142334362
  2.251741859771
  2.147373905064
  2.043005950357
  2.102463806032
  2.161921661708
  2.057781557419
  1.953641453130
  2.039937236079
  2.126233019029
  2.121261489309
  2.116289959590
  1.959846337053
  1.803402714517
  1.902791984631
  2.002181254745
  2.164603581049
  2.327025907353
  2.229558127207
  2.132090347061
  2.017894768152
  1.903699189243
  2.015244985793
  2.126790782342
  1.972173754327
  1.817556726311
  1.850650983843
  1.883745241375
  1.779289956737
  1.674834672099
  1.757976623939
  1.841118575780
  1.631107316090
  1.421096056401
  1.470875560967
  1.520655065532
  1.427409499183
  1.334163932833
  1.464014859274
  1.593865785714
  1.587361113187
  1.580856440660
  1.612947619659
  1.645038798658
  1.781890969818
  1.918743140979
  1.923396743418
  1.928050345858
  1.817624693205
  1.707199040552
  1.695368628306
  1.683538216060
  1.590721064317
  1.497903912573
  1.610858731929
  1.723813551284
  1.781208887609
  1.838604223934
  1.858886693575
  1.879169163217
  1.843329812572
  1.807490461928
  1.917655355035
  2.027820248143
  2.033626023417
  2.039431798691
  2.062319409384
  2.085207020078
  1.977671786041
  1.870136552003
  2.003470716099
  2.136804880195
  2.138148224824
  2.139491569452
  2.078059436693
  2.016627303934
  2.197274891638
  2.377922479343
  2.450721069044
  2.523519658745
  2.463746275036
  2.403972891326
  2.302036615243
  2.200100339160
  2.387936365624
  2.575772392089
  2.564200426331
  2.552628460573
  2.456505589412
  2.360382718251
  2.371706156467
  2.383029594683
  2.492590800209
  2.602152005736
  2.606210100155
  2.610268194575
  2.475165714110
  2.340063233646
  2.324962786329
  2.309862339012
  2.371026764078
  2.432191189144
  2.497680298361
  2.563169407578
  2.391884148894
  2.220598890210
  2.307477495417
  2.394356100624
  2.496146525188
  2.597936949751
  2.544665149012
  2.491393348273
  2.392203482172
  2.293013616071
  2.500006512609
  2.706999409146
  2.840033683002
  2.973067956857
  2.906276943835
  2.839485930813
  2.695464535197
  2.551443139582
  2.600406600036
  2.649370060489
  2.749044206599
  2.848718352709
  2.778859454303
  2.709000555896
  2.776300969994
  2.843601384091
  2.942362073436
  3.041122762781
  3.147711845645
  3.254300928509
  3.178329937714
  3.102358946920
  3.001319320375
  2.900279693830
  2.934090906459
  2.967902119087
  3.001122669206
  3.034343219326
  3.260422647678
  3.486502076031
  3.393014267107
  3.299526458183
  3.338155430578
  3.376784402972
  3.244532052441
  3.112279701910
  3.329040333142
  3.545800964375
  3.425460912380
  3.305120860384
  3.573797642195
  3.842474424006
  3.737778652287
  3.633082880567
  3.683259172447
  3.733435464328
  3.701020112140
  3.668604759953
  3.601711544885
  3.534818329818
  3.684880931620
  3.834943533422
  3.693658052385
  3.552372571347
  3.586462572479
  3.620552573610
  3.500523656928
  3.380494740247
  3.459611669863
  3.538728599480
  3.495469319101
  3.452210038722
  3.415785634354
  3.379361229986
  3.248545070558
  3.117728911129
  3.117354291600
  3.116979672070
  3.076346983030
  3.035714293990
  2.950637902466
  2.865561510942
  2.788949429782
  2.712337348622
  2.717336307965
  2.722335267308
  2.832750864318
  2.943166461329
  2.696614603761
  2.450062746194
  2.478840183496
  2.507617620799
  2.608642222058
  2.709666823316
  2.703496050061
  2.697325276807
  2.612392676817
  2.527460076827
  2.614149018391
  2.700837959955
  2.734063802459
  2.767289644963
  2.790402432749
  2.813515220535
  2.718315260270
  2.623115300005
  2.458316489001
  2.293517677997
  2.330838679297
  2.368159680598
  2.346593498455
  2.325027316312
  2.290784404108
  2.256541491905
  2.183191769197
  2.109842046489
  2.075697748644
  2.041553450800
  1.928984436504
  1.816415422209
  1.854569566194
  1.892723710179
  1.849661779028
  1.806599847878
  1.769507953743
  1.732416059608
  1.913164164646
  2.093912269684
  2.027422721408
  1.960933173132
  2.012879916260
  2.064826659389
  2.207959450160
  2.351092240931
  2.217389098811
  2.083685956691
  2.129709396433
  2.175732836174
  2.280342234994
  2.384951633814
  2.574170016079
  2.763388398345
  2.621290896405
  2.479193394464
  2.477994003000
  2.476794611536
  2.478695409110
  2.480596206684
  2.450301662350
  2.420007118016
  2.570257371470
  2.720507624923
  2.578645568852
  2.436783512781
  2.559039822674
  2.681296132567
  2.654889972701
  2.628483812836
  2.667199089495
  2.705914366153
  2.632818578597
  2.559722791041
  2.538487853400
  2.517252915759
  2.465608661940
  2.413964408121
  2.506411288181
  2.598858168241
  2.496767467752
  2.394676767263
  2.404965077203
  2.415253387144
  2.568532106995
  2.721810826847
  2.653695249158
  2.585579671469
  2.573125686187
  2.560671700904
  2.563244294514
  2.565816888125
  2.590679372331
  2.615541856537
  2.589748154523
  2.563954452510
  2.754665440197
  2.945376427885
  2.859003196447
  2.772629965010
  2.819883326840
  2.867136688670
  3.163914229514
  3.460691770359
  3.160556757910
  2.860421745460
  2.844018244652
  2.827614743843
  2.799893018080
  2.772171292318
  2.696640431674
  2.621109571030
  2.736610659382
  2.852111747735
  2.905183781865
  2.958255815996
  2.975076526064
  2.991897236132
  3.100140756313
  3.208384276494
  3.343764289157
  3.479144301819
  3.416447644939
  3.353750988059
  3.319767800354
  3.285784612649
  3.263166241183
  3.240547869718
  3.292827842217
  3.345107814717
  3.312524106710
  3.279940398704
  3.330427769600
  3.380915140496
  3.396214930192
  3.411514719888
  3.383679408853
  3.355844097818
  3.291929212921
  3.228014328023
  3.299870433488
  3.371726538952
  3.331866960735
  3.292007382518
  3.245896133520
  3.199784884522
  2.943815103974
  2.687845323426
  2.804339259594
  2.920833195762
  2.878462943180
  2.836092690597
  3.033242428030
  3.230392165463
  3.059473920184
  2.888555674905
  2.830173602481
  2.771791530057
  2.922789809073
  3.073788088089
  2.948269551463
  2.822751014838
  2.925424708263
  3.028098401687
  3.192935926641
  3.357773451596
  3.232511985107
  3.107250518619
  3.093768270685
  3.080286022752
  3.114185250745
  3.148084478739
  3.247651610887
  3.347218743036
  3.248193681769
  3.149168620503
  3.068025315944
  2.986882011385
  3.067384709011
  3.147887406637
  3.097310285152
  3.046733163668
  3.259084119351
  3.471435075035
  3.398846098598
  3.326257122161
  3.459452640248
  3.592648158335
  3.375906560123
  3.159164961911
  3.245940436713
  3.332715911515
  3.258839274396
  3.184962637278
  3.235617247939
  3.286271858600
  3.126443990777
  2.966616122955
  2.955373809698
  2.944131496440
  3.056197128344
  3.168262760247
  3.313898322465
  3.459533884683
  3.279942630986
  3.100351377289
  3.147683214921
  3.195015052554
  3.196634745076
  3.198254437597
  3.064458598962
  2.930662760327
  2.837885436845
  2.745108113363
  2.837191184426
  2.929274255488
  3.045435835549
  3.161597415611
  2.969823410204
  2.778049404797
  2.984734016347
  3.191418627896
  3.097252327813
  3.003086027730
  2.904998644556
  2.806911261382
  2.970911724225
  3.134912187068
  3.141759178133
  3.148606169198
  2.994037862597
  2.839469555996
  2.896963030773
  2.954456505550
  3.016109878844
  3.077763252138
  2.991765630643
  2.905768009148
  2.995987339901
  3.086206670655
  3.033766801954
  2.981326933254
  3.092882594015
  3.204438254776
  3.168261020830
  3.132083786885
  3.171826862418
  3.211569937952
  3.091537976969
  2.971506015987
  3.104083762185
  3.236661508383
  3.282860974659
  3.329060440934
  3.341714063200
  3.354367685466
  3.527138811035
  3.699909936605
  3.617219243981
  3.534528551358
  3.319922600099
  3.105316648840
  3.216336645614
  3.327356642387
  3.298955474728
  3.270554307070
  3.429009617073
  3.587464927076
  3.681300363956
  3.775135800836
  3.778147882189
  3.781159963543
  3.599198969147
  3.417237974752
  3.471918490500
  3.526599006247
  3.389960189505
  3.253321372762
  3.270444046597
  3.287566720431
  3.215901306373
  3.144235892316
  3.280810171756
  3.417384451196
  3.238162435033
  3.058940418869
  3.153631140198
  3.248321861526
  3.177815384247
  3.107308906967
  3.284973556607
  3.462638206246
  3.417167837733
  3.371697469220
  3.264178153520
  3.156658837821
  2.988776224551
  2.820893611281
  3.093613534215
  3.366333457149
  3.293295441073
  3.220257424998
  3.174491320945
  3.128725216892
  2.921570116436
  2.714415015980
  2.911440046301
  3.108465076623
  3.236335840339
  3.364206604055
  3.190097705881
  3.015988807706
  3.037365966418
  3.058743125129
  2.970318569863
  2.881894014597
  2.764587278068
  2.647280541539
  2.618661677963
  2.590042814386
  2.598564700808
  2.607086587230
  2.436760792636
  2.266434998042
  2.226728635641
  2.187022273240
  2.269145768053
  2.351269262866
  2.334672142311
  2.318075021756
  2.423066245242
  2.528057468729
  2.503479834211
  2.478902199693
  2.528596198731
  2.578290197768
  2.654243571926
  2.730196946084
  2.768812990382
  2.807429034680
  2.852366295972
  2.897303557265
  2.827889749736
  2.758475942207
  2.688659486345
  2.618843030482
  2.501836710978
  2.384830391474
  2.547280000154
  2.709729608833
  2.567216322605
  2.424703036378
  2.498193895116
  2.571684753855
  2.590921660522
  2.610158567189
  2.739772991895
  2.869387416601
  2.818380020444
  2.767372624287
  2.718251436442
  2.669130248598
  2.580980017880
  2.492829787162
  2.533945663301
  2.575061539441
  2.467810971263
  2.360560403086
  2.461521722384
  2.562483041681
  2.745549670157
  2.928616298633
  2.956638035288
  2.984659771942
  2.825232903957
  2.665806035973
  2.665758700559
  2.665711365146
  2.837340055510
  3.008968745874
  2.924672466850
  2.840376187826
  2.868375811010
  2.896375434194
  2.957897812037
  3.019420189880
  2.826609603463
  2.633799017046
  2.503415581489
  2.373032145932
  2.514042042643
  2.655051939354
  2.644583296926
  2.634114654499
  2.488917745285
  2.343720836072
  2.633014912356
  2.922308988639
  2.563812004288
  2.205315019938
  2.272681741802
  2.340048463666
  2.180543081084
  2.021037698502
  2.204443161967
  2.387848625432
  2.144701307533
  1.901553989635
  2.062727406856
  2.223900824077
  2.093662962933
  1.963425101789
  1.973302839873
  1.983180577956
  2.007803305915
  2.032426033874
  1.936409140755
  1.840392247635
  1.964044277178
  2.087696306721
  2.126730874965
  2.165765443210
  2.168363784496
  2.170962125781
  2.407527027611
  2.644091929441
  2.389437779591
  2.134783629742
  2.114952390186
  2.095121150630
  2.297505299025
  2.499889447419
  2.229906197626
  1.959922947833
  2.051541139690
  2.143159331546
  2.141861807285
  2.140564283024
  2.075535145525
  2.010506008025
  1.815013575523
  1.619521143021
  1.922584254535
  2.225647366049
  2.131343861876
  2.037040357703
  2.100036350843
  2.163032343984
  2.028656452982
  1.894280561980
  1.940828293279
  1.987376024578
  1.929950351684
  1.872524678790
  1.864409455293
  1.856294231797
  1.900762860821
  1.945231489846
  2.129153450544
  2.313075411241
  2.142448095083
  1.971820778924
  1.871562693693
  1.771304608463
  1.762623439879
  1.753942271295
  1.708180996167
  1.662419721039
  1.788492350154
  1.914564979268
  1.870821390449
  1.827077801631
  1.947056267292
  2.067034732952
  2.011188905145
  1.955343077338
  1.934526811059
  1.913710544780
  1.931958098935
  1.950205653089
  1.863501677346
  1.776797701602
  1.932548410243
  2.088299118885
  1.942271032612
  1.796242946338
  1.845462681725
  1.894682417111
  2.018705141026
  2.142727864941
  1.963133520145
  1.783539175348
  1.844980889320
  1.906422603293
  2.060616750221
  2.214810897149
  2.542765936157
  2.870720975165
  2.812339149533
  2.753957323900
  2.724538085823
  2.695118847747
  2.714784076106
  2.734449304465
  2.619271272057
  2.504093239649
  2.369059750612
  2.234026261574
  2.130488967339
  2.026951673103
  2.198651922875
  2.370352172647
  2.585976948051
  2.801601723456
  2.879278607830
  2.956955492204
  3.100102859834
  3.243250227465
  3.017794520594
  2.792338813724
  2.962266030665
  3.132193247605
  2.942282687470
  2.752372127334
  2.961952072489
  3.171532017644
  3.155427462244
  3.139322906843
  3.080692399435
  3.022061892027
  3.135514081727
  3.248966271427
  3.053722928738
  2.858479586050
  2.965600836071
  3.072722086093
  3.169505492385
  3.266288898677
  3.017792279417
  2.769295660157
  2.819557284949
  2.869818909741
  3.054191053397
  3.238563197053
  3.253343523676
  3.268123850299
  3.435476354263
  3.602828858227
  3.555142573519
  3.507456288810
  3.391075726368
  3.274695163926
  3.229639048888
  3.184582933849
  3.237306926234
  3.290030918619
  3.324194267969
  3.358357617320
  3.327379105643
  3.296400593967
  3.308997148299
  3.321593702631
  3.259667035487
  3.197740368343
  3.272619985844
  3.347499603344
  3.407344529284
  3.467189455223
  3.504024351584
  3.540859247944
  3.474774952756
  3.408690657569
  3.487692509501
  3.566694361433
  3.402578692253
  3.238463023073
  3.357812960659
  3.477162898244
  3.408533237198
  3.339903576151
  3.301475606380
  3.263047636609
  3.350236252314
  3.437424868019
  3.361021649495
  3.284618430971
  3.198272067823
  3.111925704675
  3.052009848268
  2.992093991861
  3.101029717249
  3.209965442637
  3.225235854641
  3.240506266646
  3.116432785062
  2.992359303477
  3.129523656077
  3.266688008676
  3.329384808847
  3.392081609018
  3.087908138710
  2.783734668402
  2.996234216838
  3.208733765275
  3.217148203359
  3.225562641442
  3.192498956822
  3.159435272202
  3.083727869535
  3.008020466867
  3.090447462125
  3.172874457382
  3.282448423490
  3.392022389598
  3.332836795680
  3.273651201761
  3.133705975106
  2.993760748451
  3.009667674373
  3.025574600295
  2.959696997108
  2.893819393920
  2.831360242184
  2.768901090447
  2.694238820581
  2.619576550715
  2.603151452571
  2.586726354426
  2.697192116660
  2.807657878893
  2.860156754044
  2.912655629194
  3.054622796921
  3.196589964648
  3.045089882699
  2.893589800751
  2.993540481973
  3.093491163194
  3.055182678429
  3.016874193664
  3.067250467560
  3.117626741455
  2.887747948704
  2.657869155952
  2.742880305858
  2.827891455764
  2.829984355161
  2.832077254559
  2.797001382926
  2.761925511294
  2.838037395773
  2.914149280253
  2.927694300489
  2.941239320726
  2.849598218817
  2.757957116907
  2.694429262898
  2.630901408888
  2.572895745665
  2.514890082442
  2.588217294014
  2.661544505585
  2.539948043689
  2.418351581793
  2.604044354940
  2.789737128087
  2.759148744716
  2.728560361345
  2.729101806846
  2.729643252346
  2.687136009338
  2.644628766331
  2.701848766450
  2.759068766569
  2.835151681436
  2.911234596303
  2.796569832464
  2.681905068624
  2.784237171044
  2.886569273464
  2.973097028282
  3.059624783100
  2.913748086191
  2.767871389281
  2.624514703218
  2.481158017154
  2.474846178746
  2.468534340338
  2.729907421322
  2.991280502305
  2.833088083250
  2.674895664195
  2.635499863761
  2.596104063328
  2.690931759343
  2.785759455359
  2.802240218978
  2.818720982598
  2.909183460365
  2.999645938132
  2.659080526909
  2.318515115686
  2.420259781692
  2.522004447698
  2.530748778753
  2.539493109808
  2.636085544361
  2.732677978915
  2.947525059958
  3.162372141001
  3.041336599111
  2.920301057220
  2.893978342193
  2.867655627167
  2.850759715292
  2.833863803418
  2.706958409920
  2.580053016422
  2.515987425923
  2.451921835423
  2.292019459138
  2.132117082854
  1.980569107253
  1.829021131651
  1.858079586227
  1.887138040803
  1.914463966571
  1.941789892339
  2.063170879116
  2.184551865893
  2.294551863604
  2.404551861316
  2.432603664613
  2.460655467910
  2.463086422568
  2.465517377226
  2.532568170189
  2.599618963151
  2.451598822316
  2.303578681482
  2.386911195011
  2.470243708540
  2.637577993057
  2.804912277573
  2.669795098264
  2.534677918955
  2.543978280338
  2.553278641720
  2.568637559321
  2.583996476923
  2.597542122805
  2.611087768687
  2.727366697898
  2.843645627110
  2.822574394947
  2.801503162783
  2.746748433247
  2.691993703710
  2.730031320745
  2.768068937781
  2.707356415675
  2.646643893568
  2.777387339100
  2.908130784632
  2.777705712826
  2.647280641021
  2.711781253177
  2.776281865333
  2.600622672821
  2.424963480309
  2.554293367886
  2.683623255464
  2.794693824334
  2.905764393204
  2.873396811300
  2.841029229396
  2.695130822003
  2.549232414609
  2.507013258090
  2.464794101571
  2.622899035901
  2.781003970230
  2.793979718546
  2.806955466861
  2.925356442173
  3.043757417484
  3.096041837358
  3.148326257231
  3.048017417112
  2.947708576993
  3.013827173227
  3.079945769461
  3.223851853731
  3.367757938001
  3.251146512253
  3.134535086506
  3.033624365475
  2.932713644444
  2.798653665410
  2.664593686376
  2.766008291592
  2.867422896808
  2.858634965502
  2.849847034197
  2.930035514965
  3.010223995734
  3.208525943778
  3.406827891822
  3.309523033374
  3.212218174925
  3.198987716794
  3.185757258663
  3.125812397879
  3.065867537095
  3.258159419374
  3.450451301653
  3.362813996083
  3.275176690513
  3.406709015512
  3.538241340511
  3.514166888907
  3.490092437304
  3.545546381703
  3.601000326101
  3.538234313445
  3.475468300789
  3.510581017807
  3.545693734825
  3.345416415331
  3.145139095837
  3.155076859797
  3.165014623756
  3.146447566957
  3.127880510158
  3.227986429676
  3.328092349194
  3.352335038470
  3.376577727746
  3.349488067234
  3.322398406723
  3.501848090892
  3.681297775062
  3.594411403077
  3.507525031092
  3.406743087560
  3.305961144029
  3.534985098072
  3.764009052114
  3.704374124450
  3.644739196786
  3.721865859164
  3.798992521542
  3.852083300289
  3.905174079035
  3.919078399524
  3.932982720013
  4.154354509457
  4.375726298900
  4.277442065217
  4.179157831535
  4.218004012030
  4.256850192526
  4.270937402915
  4.285024613304
  4.190526505014
  4.096028396723
  4.111891916766
  4.127755436810
  4.271910397113
  4.416065357417
  4.282638836671
  4.149212315925
  4.095848446085
  4.042484576245
  4.132515609109
  4.222546641972
  4.089027320553
  3.955507999134
  4.063412860744
  4.171317722353
  4.241466608766
  4.311615495180
  4.443726661225
  4.575837827270
  4.593650648567
  4.611463469864
  4.537889859848
  4.464316249832
  4.214678112770
  3.965039975708
  3.950944819773
  3.936849663838
  3.924896393576
  3.912943123315
  3.890525038163
  3.868106953011
  4.018233451358
  4.168359949706
  4.386915733890
  4.605471518073
  4.483404086213
  4.361336654352
  4.377594761384
  4.393852868417
  4.222133845921
  4.050414823424
  4.213389858424
  4.376364893423
  4.258088954283
  4.139813015144
  4.127320842891
  4.114828670638
  4.180943941666
  4.247059212693
  4.368953129587
  4.490847046481
  4.454381247653
  4.417915448825
  4.455897955601
  4.493880462378
  4.398453102375
  4.303025742372
  4.373280565845
  4.443535389319
  4.397785913216
  4.352036437113
  4.584687469350
  4.817338501587
  4.697808962729
  4.578279423870
  4.505018853783
  4.431758283695
  4.242167971026
  4.052577658357
  4.262853989529
  4.473130320701
  4.453580948018
  4.434031575335
  4.578032710360
  4.722033845386
  4.686748680829
  4.651463516272
  4.642466014890
  4.633468513507
  4.448836473141
  4.264204432775
  4.235063025183
  4.205921617591
  4.028204929153
  3.850488240716
  4.017908501421
  4.185328762126
  3.900367576522
  3.615406390918
  3.594369485561
  3.573332580204
  3.690292087993
  3.807251595782
  3.639856951613
  3.472462307443
  3.398415256660
  3.324368205877
  3.322323191459
  3.320278177042
  3.313630785237
  3.306983393431
  3.503950518240
  3.700917643049
  3.485184246925
  3.269450850801
  3.254707589323
  3.239964327845
  3.076247855197
  2.912531382549
  3.000282238518
  3.088033094488
  3.106389714297
  3.124746334107
  2.926932126338
  2.729117918569
  2.820703010754
  2.912288102939
  2.856883598546
  2.801479094153
  2.802239550900
  2.803000007647
  2.811747887057
  2.820495766467
  2.970826292415
  3.121156818363
  2.995929723074
  2.870702627785
  2.658238246196
  2.445773864606
  2.581522298054
  2.717270731502
  2.444127228244
  2.170983724987
  2.304268153511
  2.437552582036
  2.533045935129
  2.628539288221
  2.548226029132
  2.467912770043
  2.482664788905
  2.497416807767
  2.597449951986
  2.697483096205
  2.726862522265
  2.756241948326
  2.593539127278
  2.430836306230
  2.575023124187
  2.719209942145
  2.826866217655
  2.934522493166
  2.868191723409
  2.801860953653
  2.669396532203
  2.536932110754
  2.585682208399
  2.634432306044
  2.589890776071
  2.545349246098
  2.572952870883
  2.600556495667
  2.494758038675
  2.388959581682
  2.534473296598
  2.679987011514
  2.683250826988
  2.686514642462
  2.645008722871
  2.603502803280
  2.674471986832
  2.745441170384
  2.880011216961
  3.014581263539
  2.958460825858
  2.902340388176
  2.820170274777
  2.738000161378
  2.789721989693
  2.841443818009
  2.814644207728
  2.787844597447
  2.926178102239
  3.064511607031
  3.059510791318
  3.054509975604
  2.909098736334
  2.763687497064
  2.640752868917
  2.517818240771
  2.558086272223
  2.598354303675
  2.606894534829
  2.615434765984
  2.516596466697
  2.417758167411
  2.377887462703
  2.338016757995
  2.404169962980
  2.470323167965
  2.722484900040
  2.974646632115
  3.072099703586
  3.169552775056
  3.169683288341
  3.169813801626
  3.043079135169
  2.916344468712
  2.975619429121
  3.034894389529
  2.895037564273
  2.755180739016
  2.765567631020
  2.775954523024
  2.863359293925
  2.950764064825
  3.139875083567
  3.328986102309
  3.285119331574
  3.241252560838
  3.360415126208
  3.479577691577
  3.543226988036
  3.606876284495
  3.636021282547
  3.665166280598
  3.712573855303
  3.759981430009
  3.767730761540
  3.775480093072
  3.735185363427
  3.694890633783
  3.679737597898
  3.664584562013
  3.775417333831
  3.886250105649
  3.853039060121
  3.819828014593
  3.973570221475
  4.127312428357
  4.185012493490
  4.242712558623
  4.150392485123
  4.058072411624
  4.002191302475
  3.946310193327
  3.947603077715
  3.948895962103
  4.068087683678
  4.187279405253
  4.236838236134
  4.286397067016
  4.422198216744
  4.557999366472
  4.447451365285
  4.336903364097
  4.219740673888
  4.102577983679
  4.299101644499
  4.495625305319
  4.527792504404
  4.559959703490
  4.434170893362
  4.308382083234
  4.144721539488
  3.981060995742
  4.018404272073
  4.055747548403
  4.208558291330
  4.361369034258
  4.166650169538
  3.971931304818
  3.942242133847
  3.912552962876
  3.813690345350
  3.714827727824
  3.661133860369
  3.607439992915
  3.530476144583
  3.453512296251
  3.301962989078
  3.150413681906
  3.040366110197
  2.930318538488
  2.995350794093
  3.060383049697
  3.185537074654
  3.310691099611
  3.187797791927
  3.064904484243
  3.235522689316
  3.406140894390
  3.169951677080
  2.933762459770
  3.019258012019
  3.104753564269
  3.115081623860
  3.125409683452
  3.091027568465
  3.056645453478
  2.899595176309
  2.742544899139
  2.711480670907
  2.680416442675
  2.638192812311
  2.595969181946
  2.416511535730
  2.237053889514
  2.199481177683
  2.161908465851
  2.185476280969
  2.209044096086
  2.460120695561
  2.711197295037
  2.514054996946
  2.316912698855
  2.364245221864
  2.411577744872
  2.253753233706
  2.095928722540
  2.010530761972
  1.925132801404
  1.944879920675
  1.964627039946
  2.022138361784
  2.079649683623
  2.118057026485
  2.156464369347
  2.293602404325
  2.430740439303
  2.233469751931
  2.036199064559
  2.166354981020
  2.296510897480
  2.340383117240
  2.384255336999
  2.201345288581
  2.018435240163
  2.168165643252
  2.317896046341
  2.328787255811
  2.339678465280
  2.355332456035
  2.370986446789
  2.327192919309
  2.283399391829
  2.357420301952
  2.431441212075
  2.493812530781
  2.556183849487
  2.614958243915
  2.673732638344
  2.625850061416
  2.577967484488
  2.584543034528
  2.591118584567
  2.625416607868
  2.659714631168
  2.727346112880
  2.794977594592
  2.686524140956
  2.578070687321
  2.767492044052
  2.956913400783
  2.886564680783
  2.816215960783
  2.890672227034
  2.965128493284
  3.052346071008
  3.139563648731
  3.046673135416
  2.953782622100
  2.980172639199
  3.006562656298
  2.990854169478
  2.975145682658
  3.055354563850
  3.135563445043
  3.177671648329
  3.219779851616
  3.298653873651
  3.377527895686
  3.267201977640
  3.156876059595
  3.390758025076
  3.624639990557
  3.634257108341
  3.643874226126
  3.600986394139
  3.558098562152
  3.525120120780
  3.492141679407
  3.551835674013
  3.611529668618
  3.646163793400
  3.680797918182
  3.515216984895
  3.349636051608
  3.412980619288
  3.476325186968
  3.413772251805
  3.351219316642
  3.401725094591
  3.452230872541
  3.522551899433
  3.592872926326
  3.389804673997
  3.186736421668
  3.067838290001
  2.948940158334
  2.938297073666
  2.927653988998
  2.662772272008
  2.397890555018
  2.530964792755
  2.664039030491
  2.760139061429
  2.856239092367
  2.927086493275
  2.997933894182
  2.758911329479
  2.519888764775
  2.543714987295
  2.567541209814
  2.772513174784
  2.977485139754
  2.891668033610
  2.805850927467
  3.030806775119
  3.255762622771
  3.239187189269
  3.222611755767
  3.126551480863
  3.030491205959
  3.140247469059
  3.250003732160
  3.089176720294
  2.928349708428
  2.920021009630
  2.911692310833
  2.778230791592
  2.644769272350
  2.686767042612
  2.728764812875
  2.595896541493
  2.463028270111
  2.562298435309
  2.661568600508
  2.618545514860
  2.575522429211
  2.644407916188
  2.713293403164
  2.837465163467
  2.961636923770
  2.879475778800
  2.797314633831
  2.654197861180
  2.511081088528
  2.577409215523
  2.643737342518
  2.624885349614
  2.606033356710
  2.695390863186
  2.784748369662
  2.606009448511
  2.427270527360
  2.463241206615
  2.499211885870
  2.544892741503
  2.590573597136
  2.468816458312
  2.347059319487
  2.330877859823
  2.314696400159
  2.280615967261
  2.246535534363
  2.305133008352
  2.363730482342
  2.258741479394
  2.153752476447
  2.140760014744
  2.127767553041
  2.152139342131
  2.176511131222
  2.149667456271
  2.122823781321
  2.175976237344
  2.229128693366
  2.252486877562
  2.275845061757
  2.325246434445
  2.374647807133
  2.300434037552
  2.226220267971
  2.124857392378
  2.023494516786
  2.056413765459
  2.089333014132
  2.206161313226
  2.322989612319
  2.420558889351
  2.518128166382
  2.614011453022
  2.709894739661
  2.421167685940
  2.132440632218
  2.166755248270
  2.201069864322
  2.186711430681
  2.172352997039
  2.230991077647
  2.289629158256
  2.139411780613
  1.989194402970
  2.156828537701
  2.324462672432
  2.287316755056
  2.250170837680
  2.218299374398
  2.186427911116
  2.135294869677
  2.084161828239
  2.195678147775
  2.307194467310
  2.312663592278
  2.318132717246
  2.312216580318
  2.306300443390
  2.456662659055
  2.607024874720
  2.454938309421
  2.302851744122
  2.264868172060
  2.226884599998
  2.200691762269
  2.174498924540
  2.154537930911
  2.134576937282
  2.077082264154
  2.019587591026
  2.103945295970
  2.188303000914
  2.268465423550
  2.348627846186
  2.341983396801
  2.335338947416
  2.358184177009
  2.381029406602
  2.496869922633
  2.612710438665
  2.743903477100
  2.875096515535
  2.820131098326
  2.765165681117
  2.841432757221
  2.917699833326
  2.908272567630
  2.898845301933
  2.815834720025
  2.732824138116
  2.763122719030
  2.793421299943
  2.569371532713
  2.345321765483
  2.376992424825
  2.408663084167
  2.496809162020
  2.584955239872
  2.564977369516
  2.544999499160
  2.532411593316
  2.519823687472
  2.601367761399
  2.682911835326
  2.670177483986
  2.657443132646
  2.707654846881
  2.757866561115
  2.677440723356
  2.597014885597
  2.606653598074
  2.616292310551
  2.674852385565
  2.733412460579
  2.704119994305
  2.674827528030
  2.809335402069
  2.943843276108
  2.943942214306
  2.944041152504
  2.699242680497
  2.454444208491
  2.595236802319
  2.736029396147
  2.700784167531
  2.665538938916
  2.485085232188
  2.304631525460
  2.350329299335
  2.396027073210
  2.339788371355
  2.283549669500
  2.367836013198
  2.452122356897
  2.357001655279
  2.261880953662
  2.272778691873
  2.283676430085
  2.455942602978
  2.628208775871
  2.552462527622
  2.476716279372
  2.316851677991
  2.156987076610
  2.240813266802
  2.324639456994
  2.355351025236
  2.386062593479
  2.267396677806
  2.148730762133
  2.167880057453
  2.187029352773
  2.197942642282
  2.208855931790
  2.176749930365
  2.144643928939
  2.166940696415
  2.189237463890
  2.085139358085
  1.981041252279
  1.913346837799
  1.845652423320
  1.952291405156
  2.058930386993
  2.160294823799
  2.261659260606
  2.328361058443
  2.395062856281
  2.481671713491
  2.568280570702
  2.482968629058
  2.397656687414
  2.357746623719
  2.317836560024
  2.237682459614
  2.157528359205
  2.182836990659
  2.208145622113
  2.257612745493
  2.307079868873
  2.229560972144
  2.152042075416
  1.990892246929
  1.829742418443
  1.957121382927
  2.084500347411
  2.113803685148
  2.143107022884
  2.368322328198
  2.593537633512
  2.489479729318
  2.385421825123
  2.388131358787
  2.390840892452
  2.412392670099
  2.433944447747
  2.252532264210
  2.071120080674
  1.916909213663
  1.762698346652
  1.734807509908
  1.706916673163
  2.013584043252
  2.320251413340
  2.242270759583
  2.164290105826
  2.073462277355
  1.982634448883
  1.844403070669
  1.706171692454
  1.819557299921
  1.932942907387
  1.833429513139
  1.733916118890
  1.875840103958
  2.017764089025
  1.807183133294
  1.596602177564
  1.760597035641
  1.924591893717
  1.963483914000
  2.002375934283
  1.887246598987
  1.772117263691
  1.795111759950
  1.818106256209
  1.750450972836
  1.682795689464
  1.840396852225
  1.997998014987
  2.098798964434
  2.199599913881
  2.184280170850
  2.168960427820
  2.147569528115
  2.126178628409
  2.161427750698
  2.196676872987
  2.402084874155
  2.607492875322
  2.609000437976
  2.610508000629
  2.522608183097
  2.434708365564
  2.480778032389
  2.526847699213
  2.177236421220
  1.827625143228
  1.953022277979
  2.078419412730
  2.137475552550
  2.196531692370
  2.381473385455
  2.566415078540
  2.488405547864
  2.410396017188
  2.310317854205
  2.210239691221
  2.041974492794
  1.873709294367
  2.142263081774
  2.410816869181
  2.340960063654
  2.271103258127
  2.315568796766
  2.360034335405
  2.344522801884
  2.329011268362
  2.424074922175
  2.519138575987
  2.488646087752
  2.458153599517
  2.403153433132
  2.348153266747
  2.085098353094
  1.822043439441
  1.994620934380
  2.167198429318
  2.161579960908
  2.155961492497
  2.161094932584
  2.166228372671
  2.193525348502
  2.220822324333
  2.359224661451
  2.497626998569
  2.567706932028
  2.637786865488
  2.632564508084
  2.627342150681
  2.518812784859
  2.410283419038
  2.356487182804
  2.302690946570
  2.298161508874
  2.293632071178
  2.174579401769
  2.055526732360
  2.203265384457
  2.351004036555
  2.287479619342
  2.223955202130
  2.391952934974
  2.559950667818
  2.419677959853
  2.279405251889
  2.225217554613
  2.171029857337
  2.085750453869
  2.000471050400
  2.121330175657
  2.242189300914
  2.211217773486
  2.180246246058
  2.291197140205
  2.402148034352
  2.471309788471
  2.540471542589
  2.653337019305
  2.766202496021
  2.731500796113
  2.696799096204
  2.674735749367
  2.652672402530
  2.459999909136
  2.267327415743
  2.265966191250
  2.264604966757
  2.375768519780
  2.486932072804
  2.655787734241
  2.824643395678
  2.878980437561
  2.933317479443
  3.035163098006
  3.137008716570
  3.143323768168
  3.149638819766
  2.998225882353
  2.846812944939
  3.053841456524
  3.260869968110
  3.232295003311
  3.203720038513
  3.117023758288
  3.030327478062
  2.887295566590
  2.744263655117
  2.674179597070
  2.604095539022
  2.766769044802
  2.929442550581
  3.018334844385
  3.107227138188
  3.176368206642
  3.245509275097
  3.310721830662
  3.375934386227
  3.267914671596
  3.159894956966
  3.204361724393
  3.248828491820
  3.269287834754
  3.289747177687
  3.249624423307
  3.209501668927
  3.114958679174
  3.020415689421
  3.261202471536
  3.501989253652
  3.429642344610
  3.357295435568
  3.307485595996
  3.257675756425
  3.257317771954
  3.256959787483
  3.126102582397
  2.995245377311
  3.145289707351
  3.295334037392
  3.243223980888
  3.191113924383
  3.152290464680
  3.113467004977
  3.200557785564
  3.287648566152
  3.292211364802
  3.296774163452
  3.097485568099
  2.898196972746
  2.955331121091
  3.012465269436
  2.863352149283
  2.714239029129
  2.627938110607
  2.541637192085
  2.630695135115
  2.719753078146
  2.718872782511
  2.717992486877
  2.669187774132
  2.620383061388
  2.703559024282
  2.786734987175
  2.641406645264
  2.496078303352
  2.428234330898
  2.360390358445
  2.506135003492
  2.651879648538
  2.508769275366
  2.365658902193
  2.477125357695
  2.588591813196
  2.556626831110
  2.524661849024
  2.479820786182
  2.434979723339
  2.390786063044
  2.346592402749
  2.307106864356
  2.267621325964
  2.209475738627
  2.151330151291
  2.204565778571
  2.257801405851
  2.175751808673
  2.093702211494
  1.894982789436
  1.696263367377
  1.752033717300
  1.807804067223
  1.785616608632
  1.763429150041
  1.926909757911
  2.090390365780
  2.050291335707
  2.010192305633
  2.031229308521
  2.052266311408
  2.099876904776
  2.147487498144
  2.239277788143
  2.331068078142
  2.359346889606
  2.387625701069
  2.529436433626
  2.671247166183
  2.588914896844
  2.506582627506
  2.417202603071
  2.327822578637
  2.393152690479
  2.458482802321
  2.689910706420
  2.921338610518
  2.867378353497
  2.813418096477
  2.849914652163
  2.886411207849
  2.952763861283
  3.019116514716
  2.981268651307
  2.943420787898
  2.961964531617
  2.980508275336
  3.069275481759
  3.158042688182
  3.110072077296
  3.062101466409
  3.096922754917
  3.131744043425
  3.166427896067
  3.201111748710
  3.119544952254
  3.037978155799
  3.275831163711
  3.513684171622
  3.650227440388
  3.786770709155
  3.651266154905
  3.515761600656
  3.434297167245
  3.352832733834
  3.288063580147
  3.223294426461
  3.125455806538
  3.027617186614
  3.107177886954
  3.186738587293
  3.237834948369
  3.288931309445
  3.347305933085
  3.405680556725
  3.358586133462
  3.311491710199
  3.464447908783
  3.617404107367
  3.728866571284
  3.840329035201
  3.730962868961
  3.621596702721
  3.596810332414
  3.572023962107
  3.718621892449
  3.865219822792
  3.780666745948
  3.696113669105
  3.662348693603
  3.628583718100
  3.638973023933
  3.649362329766
  3.587135884205
  3.524909438644
  3.418498958185
  3.312088477726
  3.403681963546
  3.495275449365
  3.494483937560
  3.493692425755
  3.428126463531
  3.362560501307
  3.335257520674
  3.307954540041
  3.349059854342
  3.390165168643
  3.446434993543
  3.502704818443
  3.433482926227
  3.364261034011
  3.513297657093
  3.662334280175
  3.403053226058
  3.143772171941
  3.295077302284
  3.446382432627
  3.253327840365
  3.060273248102
  3.265112852270
  3.469952456438
  3.626755671848
  3.783558887258
  3.740404241586
  3.697249595913
  3.566299285581
  3.435348975249
  3.321963055696
  3.208577136142
  3.308242074131
  3.407907012120
  3.379173502357
  3.350439992595
  3.195889067002
  3.041338141409
  2.997486333884
  2.953634526359
  2.954320103408
  2.955005680457
  2.965182951417
  2.975360222377
  2.983277967379
  2.991195712382
  2.938122098403
  2.885048484425
  3.131163209051
  3.377277933677
  3.293896746642
  3.210515559607
  3.339488187759
  3.468460815910
  3.318153792424
  3.167846768938
  3.340007270456
  3.512167771974
  3.440770727575
  3.369373683176
  3.276608789303
  3.183843895430
  3.072364726729
  2.960885558028
  2.839776814468
  2.718668070908
  2.518748212357
  2.318828353805
  2.412247868982
  2.505667384159
  2.663398628259
  2.821129872360
  2.810994457839
  2.800859043318
  2.637479030754
  2.474099018189
  2.440982252162
  2.407865486136
  2.333552303624
  2.259239121113
  2.181550271404
  2.103861421696
  2.125463235873
  2.147065050050
  2.070305149579
  1.993545249108
  1.920236435041
  1.846927620973
  1.841769938345
  1.836612255717
  1.883555045664
  1.930497835611
  1.810588219337
  1.690678603063
  1.816673185024
  1.942667766986
  1.819639742605
  1.696611718224
  1.756237358298
  1.815862998371
  1.570119297872
  1.324375597373
  1.314948253837
  1.305520910301
  1.357445884536
  1.409370858771
  1.275923176420
  1.142475494070
  1.241012266074
  1.339549038077
  1.431773435233
  1.523997832388
  1.455631698555
  1.387265564723
  1.492587775851
  1.597909986979
  1.591871014327
  1.585832041676
  1.809085759258
  2.032339476841
  1.831820952338
  1.631302427834
  1.433435431328
  1.235568434822
  1.385270375679
  1.534972316537
  1.606851341800
  1.678730367063
  1.533303496076
  1.387876625090
  1.477474945119
  1.567073265148
  1.608378073895
  1.649682882642
  1.605215209873
  1.560747537104
  1.487005688108
  1.413263839112
  1.353251702005
  1.293239564899
  1.485648286075
  1.678057007251
  1.651014279861
  1.623971552472
  1.556971937202
  1.489972321933
  1.305541526563
  1.121110731194
  1.245966518813
  1.370822306433
  1.396654230626
  1.422486154818
  1.538952827368
  1.655419499918
  1.626202655305
  1.596985810692
  1.758637926846
  1.920290043001
  1.795482393789
  1.670674744578
  1.771877602984
  1.873080461391
  2.130071008734
  2.387061556078
  2.300217971567
  2.213374387056
  2.169711851101
  2.126049315146
  2.075707176201
  2.025365037256
  1.981929001845
  1.938492966435
  2.025144269045
  2.111795571655
  2.235846478883
  2.359897386111
  2.269561489654
  2.179225593198
  2.318784191544
  2.458342789890
  2.458975244124
  2.459607698358
  2.476427139076
  2.493246579794
  2.447779372749
  2.402312165705
  2.312719498633
  2.223126831562
  2.225161223752
  2.227195615941
  2.168867093409
  2.110538570878
  2.146068045447
  2.181597520017
  2.219300025056
  2.257002530095
  2.247994933990
  2.238987337884
  1.950766868692
  1.662546399500
  1.715471584962
  1.768396770424
  1.939939236111
  2.111481701798
  2.009363162834
  1.907244623871
  1.829650963287
  1.752057302704
  1.792100446839
  1.832143590974
  1.864851696427
  1.897559801881
  1.948485465291
  1.999411128700
  1.940226954429
  1.881042780157
  1.902569831764
  1.924096883371
  1.955305117762
  1.986513352153
  2.081650669239
  2.176787986325
  2.082310848989
  1.987833711654
  2.191244456444
  2.394655201234
  2.433665396325
  2.472675591417
  2.468011435105
  2.463347278793
  2.413968347061
  2.364589415328
  2.504107386599
  2.643625357869
  2.610907725950
  2.578190094031
  2.476582120897
  2.374974147763
  2.387733286358
  2.400492424952
  2.482938947215
  2.565385469478
  2.504315974882
  2.443246480285
  2.549925180295
  2.656603880306
  2.919086530027
  3.181569179749
  2.987107576001
  2.792645972254
  2.802136230345
  2.811626488436
  2.471839145758
  2.132051803079
  2.164492806367
  2.196933809655
  2.186038650339
  2.175143491022
  2.240718897187
  2.306294303352
  2.487165270887
  2.668036238422
  2.672892706908
  2.677749175394
  2.747475991054
  2.817202806714
  2.831456620224
  2.845710433735
  2.864618373511
  2.883526313287
  2.830896782155
  2.778267251023
  2.798582634981
  2.818898018940
  2.891703695358
  2.964509371777
  3.018322259634
  3.072135147491
  3.040605495759
  3.009075844027
  3.003176919580
  2.997277995134
  3.074024718804
  3.150771442474
  3.232915385063
  3.315059327653
  3.310269279656
  3.305479231660
  3.181393346160
  3.057307460661
  3.078130300052
  3.098953139442
  3.138103794704
  3.177254449965
  3.423537536236
  3.669820622506
  3.775168940937
  3.880517259368
  3.716317589773
  3.552117920179
  3.500876167981
  3.449634415782
  3.399861250688
  3.350088085595
  3.321077906471
  3.292067727347
  3.230502591352
  3.168937455358
  3.345059251348
  3.521181047339
  3.446273529260
  3.371366011181
  3.246138236060
  3.120910460940
  3.281840410493
  3.442770360047
  3.430494583281
  3.418218806516
  3.341480726156
  3.264742645797
  3.154052725517
  3.043362805237
  2.995304855834
  2.947246906431
  2.792950673228
  2.638654440025
  2.649073551919
  2.659492663813
  2.766860270176
  2.874227876538
  2.745566509623
  2.616905142708
  2.742553563944
  2.868201985180
  2.884685180150
  2.901168375120
  3.037047798703
  3.172927222287
  3.261083710037
  3.349240197787
  3.082935543114
  2.816630888440
  2.663108365706
  2.509585842972
  2.516316148311
  2.523046453650
  2.411624170324
  2.300201886998
  2.313811514260
  2.327421141523
  2.084558906834
  1.841696672144
  1.770179066193
  1.698661460243
  1.904621775347
  2.110582090452
  1.993321095888
  1.876060101325
  1.927253304467
  1.978446507609
  1.966779030445
  1.955111553280
  1.952675996398
  1.950240439515
  2.131568409672
  2.312896379829
  2.432848897381
  2.552801414933
  2.328882170271
  2.104962925608
  2.012007795169
  1.919052664729
  2.111484613539
  2.303916562349
  2.304616141977
  2.305315721606
  2.372585889981
  2.439856058356
  2.561027677990
  2.682199297624
  2.528793771725
  2.375388245826
  2.514493112714
  2.653597979602
  2.396620297343
  2.139642615084
  2.111196947201
  2.082751279319
  2.051296745080
  2.019842210842
  2.182651235581
  2.345460260320
  2.472503853306
  2.599547446292
  2.881021828136
  3.162496209981
  2.922301695985
  2.682107181989
  2.578443250801
  2.474779319612
  2.397789202232
  2.320799084851
  2.354681018431
  2.388562952010
  2.413936454769
  2.439309957529
  2.291982705365
  2.144655453202
  2.073316835734
  2.001978218267
  1.990827283133
  1.979676347999
  1.966626720082
  1.953577092166
  2.041995423312
  2.130413754458
  2.189015961832
  2.247618169206
  2.469144479464
  2.690670789723
  2.632006400305
  2.573342010887
  2.718559037141
  2.863776063395
  2.841990404705
  2.820204746014
  2.790052125430
  2.759899504845
  2.734646493919
  2.709393482994
  2.726083003701
  2.742772524408
  2.862241725532
  2.981710926655
  2.888969695146
  2.796228463636
  2.820783602385
  2.845338741133
  2.798185842279
  2.751032943425
  2.695341878117
  2.639650812810
  2.489528083809
  2.339405354809
  2.454065965303
  2.568726575798
  2.545949761087
  2.523172946376
  2.542825870731
  2.562478795086
  2.548481895190
  2.534484995294
  2.567242915925
  2.600000836556
  2.374180894445
  2.148360952335
  2.109965972383
  2.071570992432
  2.017831538973
  1.964092085515
  2.066523223299
  2.168954361082
  2.115900546439
  2.062846731796
  1.915881460244
  1.768916188691
  1.752959994060
  1.737003799428
  1.826114574825
  1.915225350221
  1.940653938883
  1.966082527546
  1.881973584700
  1.797864641853
  1.790899864483
  1.783935087112
  1.813956615595
  1.843978144078
  1.943715725507
  2.043453306935
  1.956805128454
  1.870156949973
  1.779035642156
  1.687914334340
  1.670418345831
  1.652922357322
  1.564844403563
  1.476766449804
  1.577991070751
  1.679215691697
  1.744890810699
  1.810565929701
  1.809381015354
  1.808196101008
  1.849219923840
  1.890243746673
  1.878237865211
  1.866231983749
  1.977158941082
  2.088085898416
  2.013407645675
  1.938729392935
  1.771181075986
  1.603632759038
  1.708563443427
  1.813494127816
  1.854670079004
  1.895846030192
  1.612635209015
  1.329424387838
  1.418225771204
  1.507027154571
  1.532065649254
  1.557104143937
  1.793753550190
  2.030402956443
  2.049427863195
  2.068452769947
  2.009402380814
  1.950351991682
  2.009645688065
  2.068939384448
  2.006208548869
  1.943477713291
  1.953801122392
  1.964124531493
  2.006488613720
  2.048852695947
  2.053316723851
  2.057780751756
  2.070457811538
  2.083134871321
  2.125036854468
  2.166938837614
  2.267682575780
  2.368426313945
  2.272228855409
  2.176031396873
  2.342576649049
  2.509121901225
  2.436129123950
  2.363136346676
  2.244863448553
  2.126590550429
  2.258792336718
  2.390994123007
  2.419269557951
  2.447544992895
  2.346900643475
  2.246256294054
  2.246208428040
  2.246160562025
  2.231017338122
  2.215874114219
  2.142435981082
  2.068997847945
  2.092796583920
  2.116595319894
  2.195444338829
  2.274293357764
  2.438584180244
  2.602875002725
  2.591414970619
  2.579954938513
  2.686584660612
  2.793214382712
  2.932037728570
  3.070861074429
  2.911701815316
  2.752542556203
  2.873109624376
  2.993676692549
  2.925556826009
  2.857436959470
  2.825696237235
  2.793955514999
  2.687927493200
  2.581899471401
  2.782422458833
  2.982945446265
  2.927870814710
  2.872796183155
  2.836731430521
  2.800666677886
  2.700652863743
  2.600639049600
  2.548838254211
  2.497037458823
  2.551021715193
  2.605005971564
  2.679643973062
  2.754281974561
  2.553627176574
  2.352972378587
  2.447349070424
  2.541725762260
  2.442971249392
  2.344216736524
  2.506626379228
  2.669036021933
  2.401749314824
  2.134462607715
  2.167307218295
  2.200151828875
  2.313108535447
  2.426065242019
  2.483436917671
  2.540808593322
  2.592650557291
  2.644492521261
  2.653509471089
  2.662526420917
  2.672826104455
  2.683125787994
  2.724152539436
  2.765179290879
  2.748830882649
  2.732482474419
  2.702824339171
  2.673166203923
  2.673583707906
  2.674001211889
  2.704718527452
  2.735435843014
  2.724442786677
  2.713449730341
  2.334345517904
  1.955241305468
  2.178452239439
  2.401663173410
  2.355415186071
  2.309167198731
  2.282000992423
  2.254834786114
  2.319676229077
  2.384517672040
  2.347241871061
  2.309966070083
  2.286502244673
  2.263038419264
  2.242223424854
  2.221408430445
  2.185625630820
  2.149842831195
  2.106101576320
  2.062360321445
  2.247503992717
  2.432647663990
  2.249900869298
  2.067154074607
  2.171649054630
  2.276144034653
  2.362093985249
  2.448043935845
  2.819948378568
  3.191852821290
  2.984052915257
  2.776253009223
  2.829251693039
  2.882250376855
  2.884394777252
  2.886539177650
  2.682402086306
  2.478264994963
  2.638368299687
  2.798471604411
  2.625180797486
  2.451889990561
  2.543442803949
  2.634995617338
  2.490985075728
  2.346974534118
  2.484053195094
  2.621131856071
  2.473140510629
  2.325149165188
  2.294110082357
  2.263070999527
  2.282056001946
  2.301041004365
  2.185749683980
  2.070458363594
  2.066008180387
  2.061557997179
  2.062138792916
  2.062719588652
  2.082153750610
  2.101587912568
  2.256086683229
  2.410585453889
  2.428897837409
  2.447210220929
  2.460169814539
  2.473129408148
  2.571368615214
  2.669607822279
  2.577444369034
  2.485280915788
  2.423704605308
  2.362128294828
  2.417261436515
  2.472394578202
  2.494000714056
  2.515606849909
  2.606369639422
  2.697132428935
  2.765484038996
  2.833835649057
  2.782012022212
  2.730188395367
  2.750249465848
  2.770310536328
  2.793041876869
  2.815773217409
  2.763911170001
  2.712049122594
  2.866021938281
  3.019994753969
  3.043145994931
  3.066297235892
  2.985221005315
  2.904144774738
  2.811497372374
  2.718849970010
  2.800900367482
  2.882950764954
  2.755896188368
  2.628841611783
  2.475018360151
  2.321195108520
  2.424917903747
  2.528640698974
  2.410760111471
  2.292879523968
  2.419120575429
  2.545361626890
  2.635721688656
  2.726081750421
  2.612176012621
  2.498270274821
  2.476861207249
  2.455452139678
  2.309523139780
  2.163594139881
  2.085924544563
  2.008254949245
  1.887655737873
  1.767056526502
  1.904858028087
  2.042659529672
  1.995176988359
  1.947694447046
  2.140569520144
  2.333444593243
  2.335704537111
  2.337964480979
  2.360503762204
  2.383043043429
  2.354460433660
  2.325877823891
  2.303513098649
  2.281148373407
  2.310619573574
  2.340090773740
  2.612132574147
  2.884174374553
  2.774735368709
  2.665296362865
  2.776815314924
  2.888334266982
  3.080093902476
  3.271853537970
  3.191086919968
  3.110320301965
  3.120646049170
  3.130971796376
  3.191901790514
  3.252831784651
  3.194172444573
  3.135513104495
  3.193078890497
  3.250644676499
  3.215795769444
  3.180946862388
  3.167258948204
  3.153571034020
  3.070768493467
  2.987965952914
  3.104731263511
  3.221496574109
  3.110735463542
  2.999974352974
  2.955650471714
  2.911326590455
  3.008959270323
  3.106591950191
  3.121966967943
  3.137341985694
  3.227386201405
  3.317430417115
  3.287465317620
  3.257500218125
  3.240512481121
  3.223524744117
  3.381325294601
  3.539125845084
  3.481612865653
  3.424099886222
  3.397050514145
  3.370001142068
  3.440878451646
  3.511755761223
  3.396710855434
  3.281665949645
  3.456153763544
  3.630641577444
  3.742631545498
  3.854621513553
  3.808496032648
  3.762370551742
  3.807216850501
  3.852063149260
  3.757143719883
  3.662224290506
  3.575331673424
  3.488439056342
  3.514145940898
  3.539852825453
  3.525955638010
  3.512058450567
  3.452812945764
  3.393567440962
  3.352465324962
  3.311363208962
  3.360038819776
  3.408714430590
  3.386698114947
  3.364681799304
  3.189890856122
  3.015099912939
  3.149560394127
  3.284020875315
  3.350515342985
  3.417009810655
  3.425075212051
  3.433140613447
  3.534059349179
  3.634978084910
  3.679641511648
  3.724304938386
  3.599364340891
  3.474423743395
  3.298009152506
  3.121594561618
  3.127363845246
  3.133133128874
  3.264332230102
  3.395531331330
  3.331526571993
  3.267521812656
  3.331108417384
  3.394695022113
  3.253598444700
  3.112501867287
  3.220167923586
  3.327833979885
  3.250900930722
  3.173967881559
  2.980782196373
  2.787596511187
  2.807531076185
  2.827465641184
  2.842741635064
  2.858017628944
  2.760911820619
  2.663806012295
  2.541010283280
  2.418214554265
  2.425490580566
  2.432766606867
  2.557754795645
  2.682742984423
  2.698817649328
  2.714892314233
  2.716485167954
  2.718078021675
  2.752837934229
  2.787597846782
  2.771862172169
  2.756126497556
  2.964118934358
  3.172111371159
  3.076680222085
  2.981249073012
  2.892652013110
  2.804054953208
  2.690656724173
  2.577258495138
  2.629743545006
  2.682228594875
  2.510229651707
  2.338230708540
  2.408339236861
  2.478447765182
  2.303766688082
  2.129085610981
  2.206231208312
  2.283376805644
  2.417981102904
  2.552585400164
  2.537604223902
  2.522623047639
  2.406305798225
  2.289988548810
  2.219416453020
  2.148844357230
  2.248494884014
  2.348145410797
  2.232278466606
  2.116411522415
  2.243151625276
  2.369891728137
  2.389860378504
  2.409829028872
  2.166147037118
  1.922465045363
  2.047662866645
  2.172860687926
  2.242405929726
  2.311951171526
  2.215203882825
  2.118456594125
  2.244890690397
  2.371324786670
  2.328649322257
  2.285973857844
  2.381067645687
  2.476161433531
  2.133992726447
  1.791824019364
  1.891040971620
  1.990257923876
  1.865316712299
  1.740375500723
  1.908431706316
  2.076487911908
  2.284864673246
  2.493241434584
  2.441077476211
  2.388913517838
  2.199195525081
  2.009477532324
  2.147971874965
  2.286466217607
  2.241323798057
  2.196181378507
  2.284400623070
  2.372619867633
  2.336093108353
  2.299566349074
  2.171044959719
  2.042523570364
  2.102975323108
  2.163427075853
  2.053675293711
  1.943923511570
  2.026687134619
  2.109450757668
  2.141111835013
  2.172772912359
  2.146614399605
  2.120455886851
  2.142009366631
  2.163562846412
  2.193457284299
  2.223351722187
  2.331124596561
  2.438897470936
  2.506376900281
  2.573856329625
  2.752754546286
  2.931652762946
  2.989744299234
  3.047835835522
  2.893117528741
  2.738399221960
  2.632398824494
  2.526398427027
  2.736259200692
  2.946119974357
  2.886340096234
  2.826560218110
  2.997786011122
  3.169011804133
  3.191408202013
  3.213804599893
  3.246369332915
  3.278934065938
  3.292930752801
  3.306927439664
  3.143135724416
  2.979344009169
  3.247236143106
  3.515128277044
  3.367836744215
  3.220545211386
  3.287483989821
  3.354422768255
  3.361697367853
  3.368971967452
  3.346783705697
  3.324595443941
  3.182890924505
  3.041186405069
  2.994409445124
  2.947632485179
  2.938657907797
  2.929683330415
  2.941191367590
  2.952699404765
  2.948004108624
  2.943308812484
  2.825499023401
  2.707689234319
  2.807107206582
  2.906525178845
  2.901013484464
  2.895501790083
  2.752075574773
  2.608649359462
  2.686330559441
  2.764011759420
  2.905182090202
  3.046352420984
  2.864938644097
  2.683524867209
  2.723109179558
  2.762693491906
  2.750795649758
  2.738897807610
  2.709404618926
  2.679911430243
  2.569129058796
  2.458346687349
  2.516960685956
  2.575574684563
  2.576215175520
  2.576855666476
  2.534900102563
  2.492944538649
  2.652087310106
  2.811230081563
  2.681776359425
  2.552322637286
  2.423137625242
  2.293952613198
  2.300600822943
  2.307249032687
  2.343053860365
  2.378858688042
  2.547700595012
  2.716542501981
  2.657767894292
  2.598993286602
  2.730154773308
  2.861316260014
  2.914827478720
  2.968338697426
  2.765193501340
  2.562048305254
  2.625226383283
  2.688404461312
  2.832743695609
  2.977082929906
  2.817867196373
  2.658651462841
  2.690095459251
  2.721539455662
  2.897081271991
  3.072623088321
  2.863557732515
  2.654492376708
  2.542309542560
  2.430126708412
  2.517823101633
  2.605519494854
  2.596781238360
  2.588042981866
  2.684227936408
  2.780412890950
  2.752212474722
  2.724012058495
  2.617319696403
  2.510627334311
  2.289087095279
  2.067546856247
  2.203659840252
  2.339772824257
  2.302446387404
  2.265119950551
  2.278248987115
  2.291378023678
  2.233751522340
  2.176125021002
  2.227438310034
  2.278751599066
  2.618647806764
  2.958544014463
  2.767514091593
  2.576484168724
  2.685295154439
  2.794106140154
  2.787759686524
  2.781413232894
  2.802714564515
  2.824015896135
  2.897703284109
  2.971390672084
  3.041998259694
  3.112605847304
  3.081213807091
  3.049821766879
  2.993212222615
  2.936602678351
  2.915246061395
  2.893889444440
  2.792096644873
  2.690303845305
  2.821452804300
  2.952601763294
  3.075317303473
  3.198032843652
  3.088821215870
  2.979609588088
  2.938862691124
  2.898115794161
  2.891737451303
  2.885359108446
  2.856916617420
  2.828474126393
  2.812695632871
  2.796917139349
  2.855039321679
  2.913161504009
  2.912638375948
  2.912115247887
  2.765710335445
  2.619305423004
  2.485791122705
  2.352276822406
  2.264317440462
  2.176358058518
  2.455350754112
  2.734343449707
  2.727898141196
  2.721452832686
  2.692905305518
  2.664357778350
  2.615041989464
  2.565726200578
  2.674195690813
  2.782665181048
  2.649601052133
  2.516536923218
  2.623913395773
  2.731289868329
  2.744275449607
  2.757261030886
  2.594595989834
  2.431930948782
  2.250499452404
  2.069067956026
  2.322751487937
  2.576435019848
  2.559938093104
  2.543441166360
  2.566312090828
  2.589183015295
  2.671759418132
  2.754335820968
  2.717406028493
  2.680476236018
  2.602703294005
  2.524930351993
  2.473063639461
  2.421196926929
  2.603349210564
  2.785501494199
  2.662115458775
  2.538729423350
  2.429030113505
  2.319330803660
  2.321151140859
  2.322971478057
  2.349510555796
  2.376049633534
  2.461825865060
  2.547602096585
  2.422967395562
  2.298332694539
  2.455721455125
  2.613110215711
  2.894997136316
  3.176884056921
  3.085143647308
  2.993403237694
  2.930315759031
  2.867228280368
  2.822851719740
  2.778475159113
  2.837301753780
  2.896128348447
  2.960348635873
  3.024568923298
  3.006630068361
  2.988691213423
  3.154149889066
  3.319608564709
  3.377716971099
  3.435825377490
  3.373035517486
  3.310245657481
  3.291872877534
  3.273500097587
  3.303639134600
  3.333778171613
  3.434322637941
  3.534867104270
  3.569604782811
  3.604342461351
  3.620790734577
  3.637239007803
  3.635121884597
  3.633004761391
  3.638365271712
  3.643725782034
  3.835563785986
  4.027401789939
  3.948475330818
  3.869548871697
  4.065504375187
  4.261459878677
  4.188528042819
  4.115596206960
  4.025375197892
  3.935154188823
  3.797341275352
  3.659528361882
  3.854461615068
  4.049394868255
  3.961882139507
  3.874369410760
  3.922929331396
  3.971489252031
  4.030429229826
  4.089369207621
  3.963932295895
  3.838495384168
  3.941116824331
  4.043738264494
  3.933510846735
  3.823283428976
  3.761786162993
  3.700288897009
  3.674572462740
  3.648856028471
  3.674056101729
  3.699256174987
  3.699354302412
  3.699452429837
  3.644673866968
  3.589895304098
  3.716620956181
  3.843346608265
  3.854370234028
  3.865393859791
  3.880959135180
  3.896524410568
  3.822162224794
  3.747800039021
  3.681552184594
  3.615304330168
  3.730950280708
  3.846596231248
  3.818089533960
  3.789582836671
  3.715270046290
  3.640957255910
  3.642549365825
  3.644141475740
  3.827017646417
  4.009893817095
  3.909591693556
  3.809289570017
  3.767566162199
  3.725842754381
  3.564971006663
  3.404099258946
  3.450726798806
  3.497354338666
  3.578349203315
  3.659344067964
  3.437230463640
  3.215116859316
  3.254930500560
  3.294744141804
  3.422027720577
  3.549311299350
  3.535427502705
  3.521543706060
  3.635231738376
  3.748919770692
  3.597377093840
  3.445834416988
  3.374495384269
  3.303156351551
  3.324373612557
  3.345590873563
  3.302496702191
  3.259402530819
  3.240390474338
  3.221378417858
  3.229098803271
  3.236819188685
  3.123433355053
  3.010047521420
  3.092414664498
  3.174781807575
  3.162861971149
  3.150942134724
  3.214138405217
  3.277334675711
  3.005380067230
  2.733425458749
  2.883169485125
  3.032913511500
  3.045259202807
  3.057604894114
  2.929774822940
  2.801944751765
  3.013028368292
  3.224111984819
  3.244203374606
  3.264294764393
  3.224444027627
  3.184593290861
  3.209515955977
  3.234438621094
  3.279119203874
  3.323799786655
  3.189055651943
  3.054311517230
  2.848499299235
  2.642687081241
  2.479407206946
  2.316127332651
  2.373125612861
  2.430123893071
  2.577140837883
  2.724157782695
  2.654390201373
  2.584622620051
  2.602038953676
  2.619455287301
  2.518309170555
  2.417163053809
  2.448688695397
  2.480214336984
  2.476600259294
  2.472986181603
  2.527441637321
  2.581897093038
  2.401956190165
  2.222015287292
  2.366846492979
  2.511677698667
  2.571710586072
  2.631743473477
  2.684728646303
  2.737713819129
  2.684303527036
  2.630893234944
  2.641592498276
  2.652291761608
  2.647371177843
  2.642450594079
  2.446431880827
  2.250413167576
  2.347365546629
  2.444317925682
  2.486075970671
  2.527834015660
  2.602735357013
  2.677636698366
  2.726830205217
  2.776023712067
  2.970001623619
  3.163979535171
  3.030908401687
  2.897837268203
  3.148786311169
  3.399735354134
  3.479881077403
  3.560026800671
  3.613506992004
  3.666987183338
  3.490512823303
  3.314038463268
  3.421729052731
  3.529419642194
  3.557995244431
  3.586570846668
  3.682288340561
  3.778005834455
  3.733615494378
  3.689225154301
  3.691401960356
  3.693578766411
  3.743005266857
  3.792431767304
  3.982267399941
  4.172103032578
  4.218385695844
  4.264668359111
  4.367858388076
  4.471048417040
  4.462008547490
  4.452968677940
  4.360721544468
  4.268474410997
  4.391748318366
  4.515022225735
  4.431182192295
  4.347342158856
  4.188731643860
  4.030121128864
  4.134063109211
  4.238005089558
  4.441132922351
  4.644260755144
  4.470973376820
  4.297685998495
  4.514903114577
  4.732120230659
  4.687629600812
  4.643138970965
  4.544228637218
  4.445318303472
  4.531999818336
  4.618681333200
  4.702807722509
  4.786934111818
  4.759399248412
  4.731864385006
  4.480354193878
  4.228844002750
  4.436069108449
  4.643294214148
  4.467746133945
  4.292198053742
  4.186905319261
  4.081612584781
  4.062109549075
  4.042606513369
  4.203044480840
  4.363482448312
  4.388178012884
  4.412873577457
  4.378903765785
  4.344933954113
  4.628842205023
  4.912750455932
  4.647552651097
  4.382354846261
  4.438384163517
  4.494413480773
  4.432878907459
  4.371344334145
  4.269917172620
  4.168490011095
  4.076418791173
  3.984347571251
  4.039992727122
  4.095637882994
  4.001660305652
  3.907682728310
  3.863622305000
  3.819561881690
  3.984617775385
  4.149673669079
  4.109028256189
  4.068382843300
  3.880382647069
  3.692382450839
  3.661626809273
  3.630871167707
  3.496003558339
  3.361135948971
  3.343091722441
  3.325047495911
  3.248179427408
  3.171311358906
  3.031811999940
  2.892312640975
  2.883578378971
  2.874844116966
  2.734109775635
  2.593375434305
  2.459474000946
  2.325572567587
  2.390255780562
  2.454938993537
  2.534006448345
  2.613073903152
  2.389552497858
  2.166031092564
  2.256568464818
  2.347105837071
  2.434164420004
  2.521223002936
  2.333406685114
  2.145590367292
  2.316615713722
  2.487641060153
  2.227041732300
  1.966442404448
  2.074928575205
  2.183414745961
  2.213330356094
  2.243245966227
  2.185628490319
  2.128011014412
  2.209295208225
  2.290579402038
  2.447192919190
  2.603806436342
  2.443053246563
  2.282300056783
  2.353541379306
  2.424782701829
  2.401274062488
  2.377765423146
  2.450170515015
  2.522575606884
  2.632353101324
  2.742130595765
  2.630534741645
  2.518938887525
  2.560571023896
  2.602203160266
  2.559654014598
  2.517104868931
  2.581882903900
  2.646660938870
  2.735404872681
  2.824148806493
  2.728199037761
  2.632249269029
  2.834166738857
  3.036084208686
  2.903281853955
  2.770479499225
  2.552136818302
  2.333794137380
  2.377068292065
  2.420342446749
  2.484333651193
  2.548324855637
  2.329072500989
  2.109820146342
  2.237239798279
  2.364659450217
  2.368655210061
  2.372650969905
  2.423988487258
  2.475326004610
  2.472924974476
  2.470523944342
  2.346294966488
  2.222065988634
  2.160817468608
  2.099568948583
  2.240109784126
  2.380650619669
  2.312936774809
  2.245222929949
  2.350273520148
  2.455324110346
  2.452571505908
  2.449818901471
  2.291032552456
  2.132246203442
  2.460435875244
  2.788625547045
  2.669444487011
  2.550263426977
  2.586083641175
  2.621903855373
  2.373990769310
  2.126077683247
  2.222494945251
  2.318912207255
  2.355933858044
  2.392955508833
  2.518346782312
  2.643738055791
  2.590300471634
  2.536862887477
  2.489904874550
  2.442946861624
  2.572377695738
  2.701808529853
  2.687690189960
  2.673571850067
  2.572812482242
  2.472053114418
  2.443162060683
  2.414271006948
  2.423459816952
  2.432648626956
  2.498742164159
  2.564835701362
  2.557407353161
  2.549979004960
  2.564998726227
  2.580018447495
  2.467561888107
  2.355105328719
  2.254467885868
  2.153830443017
  2.177930891219
  2.202031339422
  2.268074430950
  2.334117522478
  2.305082392608
  2.276047262739
  2.483321634331
  2.690596005923
  2.582403828847
  2.474211651770
  2.481774444014
  2.489337236258
  2.756798106017
  3.024258975776
  2.773990304303
  2.523721632831
  2.603996326245
  2.684271019659
  2.814700654176
  2.945130288693
  2.856666448478
  2.768202608263
  2.821362582238
  2.874522556213
  2.870231784928
  2.865941013642
  2.947940281363
  3.029939549084
  2.988416904927
  2.946894260769
  2.937205345317
  2.927516429865
  2.812295821610
  2.697075213354
  2.759526868864
  2.821978524374
  2.631369755599
  2.440760986825
  2.460588831791
  2.480416676757
  2.626270606913
  2.772124537069
  2.793891264562
  2.815657992055
  2.786042582894
  2.756427173732
  2.704836192473
  2.653245211213
  2.607495767411
  2.561746323609
  2.607089129521
  2.652431935433
  2.806529221356
  2.960626507280
  2.871464907186
  2.782303307092
  2.726048828896
  2.669794350701
  2.590553314946
  2.511312279192
  2.560658722120
  2.610005165047
  2.542441450579
  2.474877736110
  2.581320080996
  2.687762425882
  2.576640112691
  2.465517799500
  2.468645839694
  2.471773879887
  2.676143075941
  2.880512271995
  2.987437790381
  3.094363308767
  2.979927959449
  2.865492610132
  2.951402682134
  3.037312754136
  2.934943029236
  2.832573304335
  2.954589056780
  3.076604809224
  2.872927119349
  2.669249429474
  2.435463139778
  2.201676850081
  2.265146797888
  2.328616745695
  2.348307650093
  2.367998554491
  2.219690804980
  2.071383055469
  2.097748851716
  2.124114647963
  2.188567981164
  2.253021314366
  2.358651732922
  2.464282151478
  2.480296718175
  2.496311284872
  2.679813138027
  2.863314991181
  2.679870645583
  2.496426299984
  2.551326565646
  2.606226831309
  2.537012608643
  2.467798385976
  2.546844106028
  2.625889826080
  2.284483428576
  1.943077031071
  2.026212117117
  2.109347203164
  2.176318897070
  2.243290590976
  2.247711444935
  2.252132298894
  2.139964248356
  2.027796197817
  2.030950545054
  2.034104892291
  2.060234844286
  2.086364796281
  2.222976905726
  2.359589015171
  2.169875775461
  1.980162535751
  2.230062112167
  2.479961688583
  2.284481073167
  2.089000457751
  2.030054932199
  1.971109406648
  1.963518514355
  1.955927622062
  1.789475590985
  1.623023559907
  1.691347923658
  1.759672287409
  1.703826549289
  1.647980811169
  1.621331930217
  1.594683049266
  1.739905873329
  1.885128697393
  1.843246423164
  1.801364148935
  1.780344855250
  1.759325561566
  1.632414719441
  1.505503877315
  1.443346549692
  1.381189222069
  1.389748838270
  1.398308454470
  1.504487361383
  1.610666268295
  1.497194720206
  1.383723172117
  1.655618622000
  1.927514071884
  1.629443450405
  1.331372828927
  1.484909837191
  1.638446845455
  1.529079266329
  1.419711687203
  1.607499543585
  1.795287399966
  1.742721818257
  1.690156236548
  1.691633364709
  1.693110492870
  1.572464158011
  1.451817823152
  1.685116912300
  1.918416001449
  1.872987855154
  1.827559708859
  1.820180404578
  1.812801100297
  1.869107436623
  1.925413772950
  1.956317355554
  1.987220938157
  1.920720925842
  1.854220913528
  1.768874806296
  1.683528699064
  1.805600610545
  1.927672522026
  1.835399412098
  1.743126302169
  1.817640157704
  1.892154013239
  1.707905566637
  1.523657120036
  1.533330254598
  1.543003389159
  1.824503651829
  2.106003914499
  2.043497407474
  1.980990900448
  1.912265002100
  1.843539103751
  1.873169604408
  1.902800105065
  2.092655180078
  2.282510255092
  2.346932265610
  2.411354276128
  2.334991339912
