.001558248116492763
.003011660185894054
.0020627375433899618
.0011066603754160348
.0016608691339702836
.0022591235725226205
.0021401726164742597
.0020088839710425384
.0025577777665652186
.0033753333339410327
.00418079430629677
.0051522123647324645
.006053903733909891
.006464415315269569
.006456746950423157
.006120518729558747
.006324116647759805
.006341365597662545
.006198933613296893
1.0691409213076435
.8612168042788668
.9175175087110922
.914009789220639
324878323584207170
5803137113761276e9
39602687020438926e13
39641885395479866e13
12695666370384279e20
12695666376729978e20
1269566645949512e21
12965718879931728e20
12966729322553211e20
13610625597071578e20
1554169556475984e21
1554169659410386e21
1554170612411441e21
1761207039349536e25
17612069076551137e24
17615219165655752e24
7.4377064928065275
23189891077709746e15
23222544669471896e15
23338011235069954e15
2497016185806126e16
12502779110233237e17
1274785640544462e18
12753642804420003e17
128336601402915e19
1872093555018883e18
5721551064428103e21
6827888300983164e25
27309836739667853e25
2730983673967036e26
2730983673991186e26
27309836749303576e25
27309836749303565e25
27309836749353864e25
2730983675039036e26
27309836750459015e25
1.0690000000246154
35918345682370564e19
14367326799224286e20
13825635825147863e27
13825635831220577e27
13825635831220582e27
13825635831839013e27
13825646517147858e27
13825646517147868e27
13825646517148234e27
13825646517241976e27
13825646517241983e27
13825646516458934e27
13825667404912404e27
13825667407861707e27
1382566740786036e28
1382566740786044e28
13825667407954527e27
13825667407951274e27
13825667407956545e27
1.0690000001293478
5286200047978821e11
11636135718460973e20
46551278001619746e20
19327360730556672e29
7730944278257985e30
7730944278257985e30
7730944279075356e30
7730944281520839e30
7730945066497741e30
7730945066497741e30
7730945066497741e30
7730945066494187e30
7730945066494187e30
7734112997323539e30
7734112997448536e30
773411299768248e31
7734113283584819e30
7734113287263045e30
7734113287263045e30
1.0690000126623878
1952106203828923e33
19521062038289236e32
19521062038289236e32
19521062038289236e32
1952106203828985e33
1952106203828985e33
19521062038289888e32
19521062038289888e32
19521062038293656e32
19521062038304702e32
1952106203830476e33
1952106203830476e33
19521062038310352e32
19521062490555037e32
1952106249055572e33
1952106249055572e33
1952106249055572e33
19521062490556365e32
19521062490558458e32
1.069000000000108
2555256459564159e15
35398626154488796e14
8621772619552636e22
3448029158100677e23
3448029158136578e23
34480291605615556e22
34480431072602866e22
3448144475001483e23
3448144476362563e23
9261475556267214e33
9261475556267214e33
9261475556267214e33
9261475556267214e33
9261475556267214e33
9261475556267214e33
9261475556267248e33
9261475556267248e33
9261475556280083e33
9261475556279839e33
1.0690000000012392
4990102553544617e26
7537004789294331e26
7537004789419623e26
753700478943213e27
7537004789882029e26
7537004789922595e26
7537004789924773e26
7538203478490067e26
7538203478438733e26
7538203478438745e26
7656360804093487e26
7656360804097095e26
7656360899512486e26
7668619545111784e26
7668619545112324e26
7668619546337287e26
766861954572531e27
937967647520096e27
9379676488436309e26
1.175111143541868
12539658370901929e15
39166823648731576e16
47025799429391234e16
4704561463653564e17
47045901746936045e16
433465817163675e21
34314552525840503e27
34314555763529966e27
34314545231926675e27
38504628112161e34
3850462811216207e32
385046281121621e33
3850462811216207e32
3850521632399507e32
3850521632399511e32
3850521632399512e32
3850521632399512e32
3850521632406947e32
38505216324069385e31
1.0690000000010969
10087623759838416e17
10087623900741187e17
10419631012741142e37
10419631012741142e37
10419773514347545e37
10419773514347545e37
10419773514347545e37
10419773514347545e37
10419773514347545e37
10419773514347545e37
10419773514347545e37
10419773514403092e37
10419773514403092e37
10419773514403092e37
10419773514403092e37
10419773514403092e37
10419773514403092e37
10419773514403092e37
10419773514403092e37
1.0690000000000004
7018762807115413e19
7019363641621204e19
7019448932371562e19
7025852434107184e19
7025857772727521e19
7027206032165763e19
9281505232225078e19
93634703540866e21
9363480449471345e19
9363484211137918e19
14005109178101854e19
14005108949128187e19
14307853761065062e19
14307832893810557e19
14334959317565956e19
782271779991403e30
7822717799914037e29
26857185812262594e36
26857185812262594e36
1.9614678563629453
11252466228564755e17
11252466407346101e17
1129302377203379e18
1129302452176329e18
5601408740261129e18
6131710477523149e18
31491916884381196e21
314919589492323e23
31492011321216145e21
16501517989835485e23
16501607424983574e23
16501635691949757e23
16501720556459457e23
16502053094262394e23
16503319576636097e23
16503319625029388e23
16503355799720445e23
1650335576817488e24
1650335578709711e24
1.0690006536287473
26941132320220776e19
26942042842298083e19
26946008755393253e19
26962334348879658e19
26962345059165163e19
2696234517654139e20
1812515020793324e21
7360063823519759e21
7360165068722788e21
7360165068700475e21
1063573629463503e27
42542724373594207e26
42542724373594244e26
4254288940921764e27
1652083089371952e32
16520830893964556e31
16520830894699666e31
16520830894699692e31
16520830894821026e31
1.0690000000394242
16748149785890794e11
23773759216245156e11
8169268407074628e19
4005094047292032e22
40050940475090757e21
4005145498940537e22
400518366204644e23
40051836620990286e21
4005222433988681e22
4005222822466671e22
40052228226870614e21
4005385502812534e22
4016573393488936e22
40166332846063113e21
21616080720290755e24
8634382409511091e25
8634382788268235e25
863438322844202e26
8634383228451345e25
1.0690000358696665
1891066073223886e23
18964844481239977e22
27580506811137473e22
2758061600061333e23
27580618699258227e22
12388314224486136e26
12388314224484276e26
12388314224486646e26
12388314498254779e26
123883144982922e28
12388314684426658e26
12388314714855868e26
1238831478922345e27
5911443157264631e30
5911443157264631e30
5911443158288539e30
591144315828853e31
591144315828853e31
59116853379814e32
1.0690330649054796
11653332237425776e20
11653366070008764e20
11653366128121571e20
1165336612822069e21
11655077969098858e20
33433746420049184e27
33433746422729056e27
334337464227338e29
33433746422733003e27
33433780021267567e27
3343378002131682e28
33433780021317e30
33433780021454165e27
3343378004426127e28
33433780044292386e27
33433780044292564e27
1110921654614028e31
11109216546141594e30
11109216546142788e30
1.6546235880841724
5580385513612261e10
10957444263436729e11
7136906073813978e23
713690607661934e24
713784371038032e24
24210871284612913e23
24210863313075392e23
24210863313234317e23
242108633201237e25
2421086335662701e24
24210863547916764e23
24210863548911438e23
24219682764454684e23
2421968373056307e24
24219683814153954e23
10799761637148301e25
4437215907648298e26
4437215907658482e26
44372159079282585e25
1.476657504460017
10451216802472663e17
9684534181188682e20
38706499307774316e20
3870649955829046e21
38706624356069206e20
3870662523902542e21
38706627882304945e20
38706631811186337e20
3870664591224478e21
39155090954800123e20
39191278421178645e20
3922545928517503e21
3922556489941998e21
392255649251938e22
39225566091725544e20
392255877757192e22
3980177365084943e21
4152652234446817e21
4152652262668021e21
1.092920710004265
11640325882777409e15
38087130703774074e15
36478200954503714e19
6334514513680172e20
6334682245981551e20
63150340983645925e21
6315034104028113e22
6315041644322918e22
6315041648532257e22
6315049868326339e22
21087771474964143e27
21087771640872208e27
21087776968578783e27
21087776968580177e27
21087776968580145e27
21087776968580145e27
2108777807010691e28
21087778070106961e27
2108777807010817e28
1.0690000120722842
7988297602750867e15
7988298068861465e15
8100541648160087e15
8937442147063802e15
27846342012505746e19
27846429879971975e19
2784644436388114e20
3983649316197504e23
3983795767203313e23
3984238569389006e23
3984238569394264e23
3984238569396443e23
3984251187380149e23
3984251187674421e23
3984251343332486e23
7930030371167377e28
7930030371176886e28
7930030371213193e28
7930030745338847e28
1.2079088570639216
7394974200615991e16
7397613235373821e16
9232656260999736e19
9232659571504429e19
19575861957153386e19
2004698628851927e20
2004698714662116e20
20047823678864632e19
2004784306892879e20
200478624766331e21
20048098872961054e19
20189179441836624e19
20190033410814175e19
2019003380385974e20
20190043205862045e19
20190043223933992e19
20253301365087113e19
20253932069302132e19
20253996276974316e19
20422273898215968e19
2058039712430409e20
20580496476654037e19
20580603636584054e19
20581049131024428e19
21144025980587607e19
4756361902957779e24
4756420767285506e24
47564207677312354e23
4756420768011315e24
47564207693219146e23
4756420866470844e24
4756420866693052e24
47564234320404245e23
47564247731134485e23
4756428795745382e24
5134668970085527e24
5134668814531718e24
5134668814553208e24
2700753440810678e25
27007791091336677e24
27007802013753033e24
27031310901770586e24
2703220947489448e25
2703221040658586e25
2703221041229393e25
27044501360879515e24
27081374248061025e24
789927066352428e28
7899270704014982e27
7899270704012513e27
7899270704011594e27
7899270704011636e27
7899270704014454e27
7899270704015073e27
7899270704023851e27
7899270704060012e27
7899270704112382e27
7899270704290092e27
7899270704290316e27
7899270704307652e27
7899270704465464e27
7899270704615674e27
7899270704615682e27
7899270704618062e27
7899270704616414e27
7899297971182265e27
7899297971182694e27
789930153420482e28
7899308804358432e27
7899330614838315e27
7899330614830385e27
7899330617583529e27
789933062964162e28
790631366994724e28
2000593917282736e28
20005939172935173e27
20005940232193056e27
20005940233278165e27
20294967167008097e27
20294967167009152e27
20294967167062123e27
20294967167068283e27
20294967167069395e27
20294967167069484e27
20294967167068488e27
20294993854273797e27
20297329540973851e27
20297329540975376e27
20297329540975436e27
20297329541105053e27
20297329541105058e27
20297329082295346e27
20297329181785643e27
20297329183146709e27
2029732919031667e28
20297329190340858e27
20410561783496556e27
2041056178365321e28
20410561783902917e27
5179373589397391e30
51793735893973936e29
51793735893973936e29
51793735893973936e29
517937358939739e31
5179373589397373e30
5179373589397572e30
5179373862417637e30
5179373862417637e30
51793738793667576e29
5179373879366782e30
5179373879366767e30
5179373875405716e30
51793738754058344e29
5179373875408348e30
51793738755152694e29
5179414992194638e30
5179414992194637e30
51794149921946356e29
5179414992194632e30
5179414992194632e30
5179414992194615e30
5179414992194601e30
5179414992196471e30
51794149921961054e29
5179415028883254e30
51794150288832835e29
51794150288832835e29
5179415028883208e30
51794150288843084e29
5179415028882866e30
51794150291710173e29
5179415029171237e30
5179415029173081e30
51794150291732376e29
51794150291753134e29
51794150291753064e29
5179415029175314e30
51794150291753083e29
5179415031197477e30
51794150311974836e29
51794150311974563e29
51794150408437634e29
5179415040843688e30
5179415041017381e30
51794150410291484e29
51794150410291623e29
522607639800288e31
5226076398000514e30
52260763973828883e29
5226076397393571e30
5226076397393566e30
522607639745247e31
52260763978494725e29
52260763978495226e29
5226076398193341e30
5226076428055218e30
5226076428058715e30
52260764280684615e29
522607642806847e31
5226076445537327e30
5226076445537316e30
52260764455377465e29
5226076445537731e30
522607644553776e31
52260764450778074e29
52260764450778074e29
5226076445077811e30
5226076445077349e30
5226076445079629e30
522607644508844e31
522607644508846e31
52260764450882604e29
5226076445089722e30
5226076445093253e30
522607644509329e31
5226076447251104e30
52260764537216424e29
52260764536914e32
523048844511657e31
52304885103223854e29
52305571087451154e29
5230557108745385e30
5230557108752971e30
523055710594222e31
52305571059420566e29
5230557105942062e30
5230557105942391e30
52305571132064995e29
5230557134969304e30
5230557135200761e30
5230559159392971e30
52305591593936325e29
5230559159387394e30
52305591593873113e29
52305591593874635e29
52305597981575384e29
5230559798178627e30
52305597981786847e29
5230559798178703e30
5230559798178818e30
5230559798287292e30
523055979828738e31
5230559798287378e30
5230633467779395e30
5230762073393171e30
5230762073393124e30
52307620733931165e29
5230762073393115e30
52307620750177965e29
5230762075026503e30
52307620750302385e29
5230762115276222e30
5230762115276218e30
52393601979872606e29
5239360197987331e30
52392124502271566e29
52392124511386246e29
52392124601958855e29
5239212460204227e30
5239212467288884e30
5239212467430158e30
52392124679042007e29
5239212469418099e30
5239212469418953e30
523921246941889e31
5239337915371223e30
523933791537389e31
52393379153757144e29
5239337915375711e30
52393379153758386e29
52393379153762576e29
5239337915376167e30
52393379153761714e29
5239337915376172e30
5239337915375966e30
52393379152267376e29
5239337915226741e30
52393379154430716e29
5239337915445372e30
5239337915617091e30
5239337915616614e30
52393379156056884e29
5239337915593527e30
52393379155935285e29
52393379155935215e29
5239337915593523e30
52393379156631814e29
5239337915753877e30
52393379157541094e29
5239337915754113e30
52393379157541163e29
52393379157536974e29
5239337915753422e30
5239337915754477e30
52393379157544776e29
52431384389463184e29
5243138438948934e30
52431384389482396e29
52431384389488594e29
52431384389522504e29
52431384389521965e29
52431384395426295e29
52450952401783386e29
524509524146727e31
52450952414672756e29
5245120336150442e30
5245124186083708e30
5245124186083755e30
52451241860837617e29
52451241860838536e29
5245124186266438e30
5245124186121006e30
52451241861761094e29
52451241861772724e29
52451241861771096e29
5245124186177254e30
5245124186225944e30
52451241862247453e29
52451241862303686e29
5245124186433897e30
5245124189240061e30
5245124189239867e30
52451241892398586e29
52451241892426595e29
5279674433907299e30
5279674433907381e30
52796744339074036e29
52796744339368264e29
5279674433938783e30
52796744339387856e29
52796744339387545e29
5279674464367759e30
527967446436776e31
52796744643677634e29
5279674464284786e30
52797154754116444e29
5279715475411637e30
5279715475409676e30
5279715475423181e30
52797154754231946e29
52797156042969996e29
5279715604297121e30
5279715604297123e30
52797156096887366e29
5279715609688637e30
5279715610300855e30
52797156103009554e29
5279715610300954e30
5279715610301027e30
52797156219168156e29
5279715621841526e30
5279715621841282e30
5279715621841311e30
5279732768553725e30
52797327685564355e29
52797327685564577e29
52797327685608044e29
5279732793900072e30
5279732793899392e30
5279732793905853e30
5279732793961836e30
5279732793961827e30
5279732796907834e30
5279732796912572e30
5279732796926636e30
52797327969266074e29
5279732796928533e30
5279732796931961e30
52797327969319607e29
52797366536000264e29
5279736653600539e30
5279736653600121e30
5279736653637549e30
5279736653637432e30
52797366536344945e29
52797366536374957e29
5279736650450614e30
52797366504506163e29
52797366505634765e29
52797366505198884e29
5279738595873007e30
5279738595872995e30
52797385958743296e29
52797385962373334e29
5279738596250261e30
5279738596334077e30
52834577096048364e29
52946150487323454e29
52946150487328264e29
52946150487327174e29
52946150487329215e29
5294714949508923e30
52947149495090044e29
5294714949509089e30
5294714949505403e30
5294714967267678e30
5294714967299069e30
5294721726444825e30
5294721726444807e30
5294721726444867e30
5294757090611817e30
5294757090626535e30
5294757090626465e30
52947570906266577e29
52947570906265404e29
52947570906265486e29
5294757090626694e30
5294757090626403e30
52947570906456166e29
5294757090645675e30
5294757090643501e30
52947570906432366e29
52947570895011424e29
5294757089501125e30
52947570894181613e29
5294757089418044e30
5294757089418011e30
52947570894097695e29
52947570894034293e29
52947570894034566e29
52947570894574015e29
5294757276364951e30
52947572763639176e29
52947577911730345e29
5294757791175016e30
52947577911750355e29
52947577911750773e29
5294757793827018e30
5294758095172573e30
5294758095172565e30
529475809523249e31
5294758095232456e30
5294758095230472e30
5294758095230437e30
52948645539989384e29
52948645539989384e29
5294864553998854e30
5295171018884439e30
5295171018884455e30
52951710188846634e29
5295171018885815e30
5295171018919594e30
52951710188960526e29
52951710188970566e29
4168905435274846e41
4168905435274846e41
4168905435274846e41
4168905435274846e41
4168905435274846e41
4168905435274846e41
4168905435274846e41
4168905435274846e41
4168905435274846e41
4168905435274846e41
4168905435274846e41
41689054352748464e40
41689054352748464e40
41689054352748464e40
41689054352748464e40
41689054352748464e40
41689054352748464e40
41689054352748464e40
41689054352748464e40
41689054352748464e40
41689054352748464e40
41689054352748464e40
41689054352748464e40
41689054352748464e40
41689054352748464e40
41689054352748464e40
41689054352748464e40
41689054352748464e40
41689054352748464e40
41689054352748464e40
41689054352748464e40
41689054352748464e40
41689054352748464e40
41689054352748464e40
4168905435274849e41
4168905435274849e41
4168905435274849e41
4168905435274849e41
4168905435274849e41
4168905435274849e41
4168905435274849e41
4168905435274849e41
4168905435274849e41
4168905435274849e41
4168905435274849e41
4168905435274849e41
4168905435274849e41
4168905435274849e41
4168905435274849e41
4168905435274849e41
4168905435274849e41
4168905435274849e41
4168905435274849e41
4168905435274849e41
4168905435274849e41
4168905435274849e41
4168905435274849e41
4168905435274849e41
4168905435274849e41
4168905435274849e41
4168905435274849e41
4168905435274849e41
4168905435274849e41
4168905435274849e41
4168905435274849e41
4168905435274848e41
41689054352748464e40
41689054352748464e40
41689054352748464e40
41689054352748464e40
41689054352748464e40
41689054352748464e40
41689054352748464e40
41689054352748464e40
4168905447547331e41
4168905447547331e41
4168905447547331e41
4168905447547331e41
4168905447547331e41
4168905447547331e41
4168905447547331e41
4168905447547331e41
4168905447547331e41
4168905447547331e41
4168905447547331e41
4168905447547331e41
4168905447547331e41
4168905447547331e41
4168905447547331e41
4168905447547331e41
4168905447547331e41
4168905447547331e41
4168905447547331e41
4168905447547331e41
4168905447547331e41
4168905447547331e41
4168905447547331e41
41689054475475485e40
41689054475475485e40
4168905447547549e41
4168905447547549e41
4168905447547549e41
4168905447547549e41
4168905447547549e41
4168905447547549e41
4168905447547549e41
4168905447547549e41
4168905447547549e41
4168905447547549e41
4168905447547549e41
4168905447547549e41
4168905447547549e41
4168905447547549e41
4168905447547549e41
4168905447547549e41
4168905447547549e41
4168905447547549e41
4168905447547549e41
4168905447547549e41
4168905447547549e41
4168905447547549e41
4168905447547549e41
4168905447547549e41
4168905447547549e41
4168905447547549e41
4168905447547549e41
4168905447547549e41
4168905447547549e41
4168905447547549e41
4168905447547549e41
4168905447547549e41
4168905447547549e41
4168905447547549e41
4168905447547549e41
4168905447547549e41
4168905447547549e41
4168905447547549e41
4168905447547549e41
4168905447547549e41
4168905447547549e41
4168905447547549e41
4168905447547549e41
4168905447547549e41
4168905447547549e41
4168905447547549e41
4168905447547549e41
4168905447547549e41
4168906726383288e41
4168906726383288e41
4168906726383288e41
4168906726383288e41
4168906726383288e41
4168906726383288e41
4168906726391042e41
4168906726391042e41
4168906726391042e41
4168906726391042e41
4168906726391042e41
4168906726391042e41
41689067390602955e40
41689067390602955e40
41689067390602955e40
41689067390602955e40
41689067390602955e40
41689067390602955e40
4168906739062791e41
4168906739062791e41
4168906739062791e41
4168906739062791e41
4168906739062791e41
4168906739062791e41
4168906739062791e41
4168906739062791e41
4168906739062791e41
4168906739062791e41
4168906739062791e41
4168906739062791e41
4168906739062791e41
4168906739062791e41
4168906739062791e41
4168906739062791e41
4168906739062791e41
4168906739062791e41
4168906739062791e41
4168906739062791e41
4168906739062791e41
4168906739062791e41
4168906739062791e41
4168906739062791e41
4168906739062791e41
4168906739062791e41
4168906739062791e41
4168906739062791e41
4168906739062791e41
4168906739062791e41
4168906739062791e41
4168906739062791e41
4168906739062791e41
4168906739062795e41
4168906739062795e41
4168906739062795e41
4168906739062795e41
4168906739062795e41
4168906739062795e41
4168906739062795e41
4168906739062795e41
4168906739062795e41
4168906739062795e41
4168906739062795e41
4168906739062795e41
4168906739062795e41
4168906739062795e41
4168906739062795e41
4168906739062795e41
4168906739062795e41
4168906739062795e41
4168906739062795e41
4168906739062795e41
4168906739062795e41
4168906739062795e41
4168906739062795e41
4168906739062795e41
4168906739062795e41
4168906739062795e41
4168906739062795e41
4168906739062795e41
4168906739062795e41
4168906739062795e41
4168906739062795e41
4168906739062795e41
4168906739062795e41
4168906739062796e41
4168906739062796e41
4168906739062796e41
4168906739062796e41
4168906739062796e41
4168906739062796e41
4168906739062796e41
4168906739062814e41
4168906739062814e41
4168906739062814e41
4168906739062814e41
4168906739062814e41
4168906739062814e41
4168906739062814e41
4168906739062814e41
4168906739062814e41
4168906739062814e41
4168906739062814e41
4168906739062814e41
4168906739062814e41
4168906739062814e41
4168906739062814e41
4168906739062822e41
4168906739062822e41
4168906739062822e41
41689067390642435e40
41689067390642435e40
41689067390642435e40
41689067390642435e40
41689067390642435e40
41689067390642435e40
41689067390642435e40
41689067390642435e40
41689067390642435e40
41689067390642435e40
41689067390642435e40
41689067390642435e40
41689067390642435e40
41689067390642435e40
41689067390642435e40
41689067390642435e40
41689067390642435e40
41689067390642435e40
41689067390642435e40
41689067390642435e40
41689067390642435e40
41689067390642435e40
41689067390642435e40
41689067390642435e40
41689067390642435e40
41689067390642435e40
4168906739064243e41
4168906739064243e41
4168906739064243e41
4168906739064243e41
4168906739064243e41
4168906739064243e41
4168906739064243e41
4168906739064243e41
4168906739064243e41
4168906739064243e41
4168906739064243e41
4168906739064243e41
4168906739064243e41
4168906739064243e41
4168906739064243e41
4168906739064243e41
4168906739064243e41
4168906739064243e41
4168906739064243e41
4168906739064243e41
4168906739064243e41
4168906739064243e41
4168906739064243e41
4168906739064243e41
4168906739064243e41
4168906739069809e41
4168906739069809e41
4168906739069809e41
4168906739069809e41
4168906739069809e41
4168906739069809e41
4168906739069809e41
4168906739069809e41
4168906739069809e41
4168906739069809e41
4168906739069809e41
4168906739069809e41
4168906739069809e41
4168906739069809e41
4168906739069809e41
4168906739069809e41
4168906739069809e41
4168906739069809e41
4168906739069809e41
4168906739069809e41
4168906739069809e41
4168906739069809e41
4168906739069809e41
4168906739069809e41
4168906739069809e41
4168906739069809e41
4168906739069809e41
4168906739069809e41
4168906739069872e41
4168906739069872e41
4168906739069872e41
4168906739069872e41
4168906739069872e41
4168906739069872e41
4168906739069872e41
4168906739069872e41
4168906739069872e41
4168906739069872e41
4168906739069872e41
4168906739069872e41
4168906739069872e41
4168906739069872e41
4168906739069872e41
4168906739069872e41
4168906739069872e41
4168906739069872e41
4168906739069872e41
4168906739069872e41
4168906739069872e41
4168906739069872e41
4168906739069872e41
4168906739069872e41
4168906739069872e41
4168906739069872e41
4168906739069872e41
4168906739069872e41
4168906739069872e41
4168906739069933e41
4168906739069933e41
4168906739069933e41
4168906739069933e41
4168906739069933e41
4168906739069933e41
416890727009899e42
416890727009899e42
416890727009899e42
416890727009899e42
416890727009899e42
416890727009899e42
416890727009899e42
416890727009899e42
416890727009899e42
416890727009899e42
416890727009899e42
416890727009899e42
416890727009899e42
416890727009899e42
416890727009899e42
416890727009899e42
416890727009899e42
416890727009899e42
416890727009899e42
416890727009899e42
416890727009899e42
416890727009899e42
416890727009899e42
416890727009899e42
416890727009899e42
416890727009899e42
416890727009899e42
416890727009899e42
416890727009899e42
416890727009899e42
416890727009899e42
416890727009899e42
416890727009899e42
416890727009899e42
416890727009899e42
416890727009899e42
416890727009899e42
416890727009899e42
416890727009899e42
416890727009899e42
416890727009899e42
416890727009899e42
416890727009899e42
416890727009899e42
416890727009899e42
416890727009899e42
416890727009899e42
416890727009899e42
416890727009899e42
416890727009899e42
416890727009899e42
416890727009899e42
416890727009899e42
416890727009899e42
416890727009899e42
416890727009899e42
4168907270099179e41
4168907270099215e41
4168907270099215e41
4168907270099215e41
4168907270099215e41
4168907270099215e41
4168907270099215e41
4168907270099215e41
4168907270099215e41
4168907270099215e41
4168907270099215e41
4168907270099215e41
4168907270099215e41
4168907270099215e41
4168907270099215e41
4168907270099215e41
4168907270099215e41
4168907270099217e41
4168907270099222e41
4168907270099222e41
4168907270099222e41
4168907270099222e41
4168907270099222e41
4168907270099222e41
4168907270099222e41
4168907270099222e41
4168907270099222e41
4168907270099222e41
4168907270099222e41
4168907270099222e41
4168907270099222e41
4168907270099222e41
4168907270099222e41
4168907270099222e41
4168907270099222e41
4168907270099222e41
4168907270099222e41
4168907270099222e41
4168907270099222e41
4168907270099222e41
4168907270099222e41
4168907270099222e41
4168907270099222e41
4168907270099222e41
4168907270099222e41
41689072715749885e40
41689072715749885e40
41689072715749885e40
41689072715749885e40
41689072715749885e40
41689072715749885e40
41689072715749885e40
41689072715749885e40
41689072715749885e40
41689072715749885e40
41689072715749885e40
41689072715749885e40
41689072715749885e40
41689072715749885e40
4168908337817723e41
4168908337817723e41
4168908337817723e41
4168908337817723e41
4168908337817723e41
4168908337817723e41
4168908337817723e41
4168908337817723e41
4168908337817723e41
4168908337817723e41
4168908337817723e41
4168908337817723e41
4168908337817723e41
4168908337817723e41
4168908337817723e41
4168908337817723e41
4168908337817724e41
4168908337817724e41
4168908337817724e41
4168908337817724e41
4168908337817724e41
4168908337817724e41
4168908337817724e41
4168908337817724e41
4168908337817724e41
4168908337817724e41
4168908337817724e41
4168908337817724e41
4168908337817724e41
4168908337817724e41
4168908337817724e41
4168908337817724e41
4168908337817724e41
4168908337817724e41
4168908337817724e41
4168908337817724e41
4168908337817724e41
4168908337817724e41
4168908337817724e41
4168908337817724e41
4168908337817724e41
4168908337817724e41
4168908337817724e41
4168908337817724e41
4168908337817724e41
4168908337817724e41
4168908337817724e41
4168908337817724e41
4168908337817724e41
4168908337817724e41
4168908337817724e41
4168908337817724e41
4168908337817724e41
4168908337817724e41
4168908337817724e41
4168908337817724e41
4168908337811676e41
4168908337811676e41
4168908337811676e41
4168908337811676e41
4168908337811676e41
4168908337811676e41
4168908337811676e41
4168908337811676e41
4168908337811676e41
4168908337811676e41
4168908337811676e41
4168908337811676e41
4168908337811676e41
4168908337811676e41
4168908337811676e41
4168908337811685e41
4168908337811685e41
4168908337811685e41
4168908337811685e41
4168908337811685e41
4168908337811685e41
4168908337811685e41
4168908337811685e41
4168908337811685e41
4168908337811685e41
4168908337811685e41
4168908337811685e41
4168908337811685e41
416890833781236e42
4168908337812347e41
4168908337812347e41
4168908337812347e41
4168908337812347e41
4168908337812347e41
4168908337812347e41
4168908337812347e41
4168908337812347e41
4168908337812347e41
4168908337812347e41
4168908337812347e41
4168908337812347e41
4168908337812347e41
4168908337812347e41
4168908337812347e41
4168908337812347e41
4168908337812347e41
4168908337812347e41
4168908337812347e41
4168908337813663e41
4168908337813663e41
4168908337813663e41
4168908337813663e41
4168908337813663e41
4168908337813662e41
4168908337813662e41
4168908337813662e41
4168908337813662e41
4168908337813662e41
4168908337813662e41
4168908337813664e41
4168908351801517e41
4168908351801517e41
4168908351801517e41
4168908351801517e41
4168908351801517e41
4168908351801517e41
4168908351801517e41
4168908351801517e41
4168908351802295e41
4168908351802295e41
4168908351802295e41
4168908351802295e41
4168908351802295e41
4168908351802295e41
4168908351802295e41
4168908351802295e41
4168908351802295e41
4168908351802295e41
4168908351802294e41
4168908351816268e41
4168908351816268e41
4168908351816268e41
4168908351816268e41
4168908351816275e41
4168908351816275e41
4168908351816275e41
4168908351816275e41
4168908351816275e41
4168908351816276e41
4168908351816276e41
4168908351816276e41
4168908351816276e41
4168908351816276e41
4168908351816276e41
4168908351816276e41
4168908351816276e41
4168908351816276e41
4168908351816276e41
4168908351816276e41
4168908351816276e41
4168908351816276e41
4168908351816276e41
4168908351816276e41
4168908351816276e41
4168908351816276e41
4168908351816276e41
4168908351816276e41
4168908351816276e41
4168908351816276e41
4168908351816276e41
4168908351816223e41
4168908351816223e41
4168908351816223e41
4168908351816223e41
4168908351816223e41
4168908351816223e41
4168908351816223e41
4168908351818077e41
4168908351818077e41
4168908351818077e41
4168908351818077e41
4168908351818077e41
4168908351818055e41
4168908351818055e41
4168908351818055e41
4168908351818055e41
4168908351818055e41
4168908351818055e41
4168908351818055e41
4168908351818055e41
4168908351818055e41
4168908351818055e41
4168908351818055e41
4168908351818055e41
4168908351818055e41
4168908351818055e41
4168908351818055e41
4168908351818055e41
4168908351818055e41
4168908351818055e41
4168908351818055e41
4168908351818055e41
4168908351818055e41
4168908351818055e41
4168908351818055e41
4168908351818055e41
4168908351818055e41
4168908351818055e41
4168908351818055e41
4168908351818055e41
4168908351818055e41
4168908351818055e41
4168908351818055e41
4168908351818055e41
4168908351818055e41
4168908351818055e41
4168908351818055e41
4168908351818055e41
4168908351818055e41
4168908351818055e41
4168908351818055e41
4168908351818055e41
4168908351818055e41
4168908351818055e41
4168908351818055e41
4168908351818055e41
4168908351818055e41
4168908351818055e41
4168908351818055e41
4168908351818055e41
4168908351818055e41
4168908351818055e41
4168908351818055e41
4168908351818055e41
4168908351818055e41
4168908351818055e41
4168908351818055e41
4168908351818055e41
4168908351818047e41
4168908351818047e41
4168908351818047e41
4168908351818047e41
4168908351818047e41
4168908351818047e41
4168908351818047e41
4168908351818047e41
4168908351818047e41
4168908351818047e41
4168908351818047e41
4168908351818047e41
4168908351818047e41
4168908351818047e41
4168908351818047e41
4168908351818047e41
4168908351818047e41
4168908351818047e41
4168908351818047e41
4168908351818047e41
4168908351818047e41
4168908351818047e41
4168908351818047e41
4168908351818047e41
4168908351818047e41
4168908351818047e41
4168908351818047e41
4168908351818047e41
4168908351818047e41
4168908351818047e41
4168908351818047e41
4168908351818047e41
4168908351818047e41
4168908351818127e41
4168908351818127e41
4168908351818127e41
4168908351818127e41
4168908351818127e41
4168908351818127e41
4168908351818127e41
4168908351818127e41
4168908351818127e41
4168908351818127e41
4168908351818127e41
4168908351818127e41
4168908351818127e41
4168908351818127e41
4168908351818127e41
4168908351818127e41
4168908351818127e41
4168908351818127e41
4168908351818127e41
4168908351818127e41
4168908351818127e41
4168908351818127e41
4168908351818127e41
4168908351818127e41
4168908351818127e41
4168908351818127e41
4168908351818127e41
4168908351818127e41
4168908351818127e41
4168908351818127e41
4168908351818127e41
4168908351818127e41
4168908351818125e41
4168908351818125e41
4168908351818125e41
4168908351818125e41
4168908351818125e41
4168908351818125e41
4168908351818127e41
4168908351818127e41
4168908351818127e41
4168908351818127e41
4168908351818127e41
4168908351818127e41
4168908351818127e41
416890835181852e42
416890835181852e42
416890835181852e42
416890835181852e42
4168908351827335e41
4168908351827335e41
4168908351827335e41
4168908351827335e41
4168908351827335e41
4168908351827335e41
4168908351827335e41
4168908351827335e41
4168908351827335e41
4168908351827335e41
4168908351827335e41
4168908351827335e41
4168908351827335e41
4168908351827335e41
4168908351827335e41
4168908351827335e41
4168908351827335e41
4168908351827335e41
4168908351827335e41
4168908351827335e41
4168908351827335e41
4168908351827335e41
4168908351827335e41
4168908351827335e41
4168908351821441e41
4168908351821441e41
4168908351821441e41
4168908351821441e41
4168908351821441e41
4168908351821441e41
4168908351821441e41
4168908351821441e41
4168908351821441e41
4168908351821441e41
4168908351821441e41
4168908351821441e41
4168908351821441e41
4168908351821441e41
4168908351821441e41
416890846586201e42
416890846586201e42
416890846586201e42
416890846586201e42
416890846586201e42
416890846586201e42
416890846586201e42
416890846586201e42
416890846586201e42
416890846586201e42
416890846586201e42
416890846586201e42
416890846586201e42
416890846586201e42
416890846586201e42
4168908465862011e41
4168908465862011e41
4168908465862011e41
4168908465862011e41
4168908465862011e41
4168908465862011e41
41689084658620085e40
41689084658620085e40
41689084658620085e40
41689084658620085e40
41689084658620085e40
41689084658620085e40
41689084658620085e40
41689084658620085e40
4168908465862009e41
4168908465862009e41
4168908465862009e41
416891950462323e42
416891950462323e42
416891950462323e42
416891950462323e42
416891950462323e42
4168919504623302e41
4168919504623302e41
4168919504623302e41
4168919504623302e41
4168919504623302e41
4168919504623302e41
4168919504623306e41
4168919504623306e41
4168919504623306e41
4168919504623307e41
4168919504623307e41
4168919504623307e41
4168919504623307e41
4168919504623307e41
4168919504623307e41
4168919504623307e41
4168919504623307e41
4168919504623307e41
4168919504623307e41
4168919504623307e41
4168919504623307e41
4168919504623307e41
4168919504623307e41
4168919504623307e41
4168919504623307e41
4168919504623307e41
4168919504623307e41
4168919504623307e41
4168919504623307e41
4168919504623307e41
4168919504623307e41
4168919504623307e41
4168919504623307e41
4168919504623307e41
4168919504623369e41
4168919504623369e41
4168919504623369e41
4168919504623369e41
4168919504623369e41
4168919504623369e41
4168919504623369e41
4168919504623369e41
4168919504623373e41
4168919504623373e41
4168919504623373e41
4168919504623373e41
4168919504623373e41
4168919504623373e41
4168919504623373e41
4168919504623373e41
4168919504623373e41
4168919504623373e41
4168919504623373e41
4168919504623373e41
4168919504623373e41
4168919504623373e41
4168919504623373e41
4168919504623373e41
4168919504623373e41
4168919504623373e41
4168919504623373e41
4168919504623373e41
4168919504623373e41
4168919504623373e41
4168919504623373e41
4168919504623373e41
4168919504623373e41
4168919504623373e41
416891950463089e42
416891950463089e42
416891950463089e42
416891950463089e42
416891950463089e42
416891950463089e42
416891950463089e42
416891950463089e42
416891950463089e42
416891950463089e42
416891950463089e42
416891950463089e42
416891950463089e42
4168919504631397e41
4168919504631397e41
4168919504631397e41
4168919504631397e41
4168919504631397e41
4168919504631397e41
4168919504633421e41
4168919504633421e41
4168919504633421e41
4168919504633421e41
4168919504633421e41
4168919504633421e41
4168919504633421e41
4168919504633421e41
4168919504633421e41
4168919504633421e41
4168919504633421e41
4168919504633421e41
4168919504633421e41
4168919504633421e41
4168919504633421e41
4168919504623772e41
4168919504623772e41
4168919504623772e41
4168919504623772e41
4168919504623772e41
4168919504623772e41
4168919504623772e41
4168919504623772e41
4168919504623772e41
4168919504623772e41
4168919504623772e41
4168919504623772e41
4168919504623772e41
4168919504623772e41
4168919504623772e41
4168919504623772e41
4168919504623772e41
4168919504623772e41
4168919504623772e41
4168919504623772e41
4168919504623772e41
4168919504623772e41
4168919504623772e41
4168919504623772e41
4168919504623772e41
4168919504623772e41
4168919504623772e41
4168919504623772e41
4168919504623772e41
4168919504623772e41
4168919504639807e41
4168919504639807e41
4168919504639807e41
4168919504639807e41
4168919504639826e41
4168919504639826e41
4168919504639826e41
4168919504639826e41
4168919504639826e41
4168919504639826e41
4168919504639826e41
4168919504639826e41
4168919504639826e41
4168919504639826e41
4168919504639826e41
4168919504639826e41
4168919504639826e41
4168919504639826e41
4168919504639826e41
4168919504639826e41
4168919504639826e41
4168919504639828e41
4168919504639828e41
4168919504639828e41
4168919504639828e41
4168919504642737e41
4168919504642737e41
4168919504642737e41
4168919504642737e41
4168919504642737e41
4168919504642737e41
4168919504642737e41
4168919504642737e41
4168919504642737e41
4168919504642737e41
4168919504642737e41
4168919504642737e41
4168919504642737e41
4168919504642737e41
4168919504642737e41
4168919504642737e41
4168919504642737e41
4168919504642737e41
4168919504642737e41
4168919504642737e41
4168919504642737e41
4168919504642737e41
4168919504642737e41
4168919504642737e41
4168919504642737e41
4168919504642737e41
4168919504642737e41
4168919504642737e41
4168919504642737e41
4168919504642737e41
4168919504642737e41
4168919504642737e41
4168919504642737e41
4168919504642737e41
4168919504642737e41
4168919504642737e41
4168919504642737e41
4168919504642737e41
4168919504642737e41
4168919504642737e41
4168919504642737e41
4168919504642737e41
4168919504642737e41
4168919504642737e41
4168919504642737e41
4168919504642737e41
4168919697456675e41
4168919697456675e41
4168919697456675e41
4168919697456675e41
4168919697456675e41
4168919697456675e41
4168919697456675e41
4168919697456675e41
4168919697456675e41
4168919697456675e41
4168919697456675e41
4168919697456675e41
4168919697456675e41
4168919697456675e41
4168919697456675e41
4168919697456675e41
4168919697456675e41
4168919697456675e41
4168919697456675e41
4168919697456675e41
4168919697456675e41
4168919697456675e41
4168919697456675e41
4168919697456675e41
4168919697456675e41
4168919697456675e41
4168919697456675e41
4168919697456675e41
4168919697456675e41
4168919697456675e41
4168919697456675e41
4168919697456675e41
4168919697456675e41
4168919697456675e41
4168919697456675e41
4168919697456675e41
4168919697456675e41
4168919697456675e41
4168919697456675e41
4168919697456675e41
4168919697456675e41
4168919697456675e41
4168919697456675e41
4168919697456675e41
4168919697456675e41
4168919697456675e41
4168919697456675e41
4168919697456675e41
4168919697456675e41
4168919697456675e41
4168919697456675e41
4168919697456675e41
4168919697456675e41
4168919697456927e41
4168919697456927e41
4168919697457135e41
4168919697457135e41
4168919697457135e41
4168919697457135e41
4168919697457135e41
4168919697457135e41
4168919697457135e41
4168919697457135e41
4168919697457135e41
4168919697457135e41
4168919697457135e41
4168919697457135e41
4168919697457135e41
4168919697457135e41
4168919697457135e41
4168919697457135e41
4168919697457134e41
4168919697457134e41
4168919697457134e41
4168919697457134e41
4168919697457134e41
4168919697457134e41
4168919697457134e41
4168919697457134e41
4168919697457134e41
4168919697457134e41
4168919697457134e41
4168919700958483e41
4168919711462411e41
4168919711462411e41
4168919711462426e41
4168919711462426e41
4168919711462426e41
4168919711462426e41
4168919711462497e41
4168919711462497e41
4168919711462497e41
4168919711462497e41
4168919711462497e41
4168919711462497e41
4168919711462497e41
4168919711462497e41
4168919711462497e41
4168919711462497e41
4168919711462497e41
4168919711462497e41
4168919711462497e41
4168919711462497e41
4168919711462497e41
4168919711462497e41
4168919711462497e41
4168919711462497e41
4168919711462497e41
4168919711462497e41
4168919711462497e41
4168919711462497e41
4168919711521541e41
4168919711521541e41
4168919711521541e41
4168919711521541e41
4168919711521541e41
