.0015639725372524663
.0029704675418872955
.001989225853577927
.001095755688113794
.0016343233885891485
.0021805679908302026
.0020904820599635925
.002015383655010565
.0024264471306755953
.003106344852785478
.00391528122657492
.0048567786424418965
.005792628523291022
.00658400002803711
.0067472491437842045
.006368851797971615
.006309317599766077
.006226767226789256
.006401753906349382
1.3067907058712571
1.051023521864639
1.3576031557587516
156435794068409060
20730399954171377e10
1908882295771268e21
19089252447434305e20
12410931762987217e23
12410967322488272e23
12410967322483362e23
1241096733070396e24
12410967329900443e23
12410967436905134e23
12410967437651545e23
12410967437659202e23
12410967437670262e23
12410967438362123e23
12410969734193828e23
12410969734372085e23
1241099994803823e24
1.4201455930367202
12616247363831631e14
9935767394558957e20
36597488206364625e27
36597488206364645e27
3659748820745975e28
3659748820969112e28
14683145393792187e35
14683145393792187e35
14683145393792187e35
14683145541483313e35
14683146091950991e35
14683146091950993e35
14683146091950993e35
14683146091950996e35
14683146091951174e35
14683146091951174e35
14683146091951174e35
14683146091951174e35
14683146091951174e35
1.3040000000000005
7962554000398643e22
7965287684219228e22
16511431228477737e22
16601868093989295e22
1687318481296747e23
16873184928610691e22
16873184928907987e22
16873968302794873e22
16874329101278871e22
1687433034243527e23
16874344523453944e22
16874350661072762e22
16874351644658953e22
16874369757370536e22
1687436975856596e23
16874369907997813e22
16877691091705512e22
16882299510471115e22
1689612457211471e23
1.3049072788001812
2906223889773077e21
1161330713436209e22
11627398493838749e21
12056589713980905e21
2347336251816383e22
24719613149957708e21
247197716691718e23
2471977170085789e22
24719771707784937e21
2471981699468543e22
24785608202231887e21
24785607956548844e21
25014835759246714e21
14720036296976943e22
1472003686060324e23
1472024881659955e23
20605601817196432e22
20605601821547383e22
2060560357867577e23
1.4329318966630007
418937131252405e22
4326990509384326e21
4326991018594908e21
43270531785697734e20
43270564065903597e20
3247846034105975e26
32478460341649703e25
3247846052313837e26
32478460523144034e25
32478460524803345e25
32478493633436286e25
32478493634417013e25
32478493634421013e25
3247849363444996e26
32478493681664705e25
3247924226190631e26
18222179986480323e29
18222179986483977e29
18222179986483977e29
1.9034936163971514
5968176582528529e18
596818186888682e19
1348631220564917e23
53942608875932694e22
5394260976162866e23
5394279418521413e23
5394280587244254e23
53947082915839986e22
5395570332823158e23
53955703392924025e22
5395571252725927e23
53955712527306594e22
5396042700848578e23
5397456868137395e23
5397456868163403e23
53974573064675934e22
5397457650784988e23
5397458027230965e23
5397464987129438e23
1.3040019648432424
2844977643515545e21
2846230993957567e21
46321917732085734e20
463230042972757e22
46327102101621907e20
4632710211543344e21
4632710212468261e21
46327511460265374e20
46327513178487085e20
12687624987642974e21
2118772541677172e22
21187725420273283e21
21187725731481503e21
21617068888713515e21
21617068888921385e21
2161706889514261e22
21691320461297723e21
2201556681660302e22
25349687422550837e21
1.4627716445829901
423344157117245e18
42334616419188364e16
42380157884665745e16
7348383432205401e34
7348383432205406e34
7348383432205406e34
7348383432205406e34
7348383432205431e34
7348383433249142e34
7348383436962992e34
7348383436990945e34
7348383436990945e34
7348383436990945e34
7348383436990956e34
7348383436990956e34
7348383436992039e34
7348383436992042e34
7348383436992042e34
7348383436992042e34
1.3040000000000327
10440649415431842e14
1561716836020788e15
20279182647598686e14
10288221254332754e43
10288221254332754e43
10288221254332754e43
10288221254332754e43
10288221254332754e43
10288221254332754e43
10288221254332754e43
10288221254332754e43
10288221254332754e43
10288221254332754e43
10288221254332754e43
10288221254332754e43
10288221254332754e43
10288221254848026e43
10288221254848026e43
10288221254848026e43
1.304000000016654
1496746409340532e15
23997247421199658e14
5767966318883454e19
24572030489085408e23
24572030490996378e23
25689774265382152e23
25689774310512873e23
25689774310610234e23
25729948692101863e23
2572996257879907e24
25729962577937436e23
2572985371568359e24
2572974487664548e24
25729744877428004e23
25729744881610806e23
25729745177450165e23
25732477209789445e23
25732477520809277e23
27726754795359816e23
1.3768210909942036
24661866292402786e10
23602109099126728e23
2360210925286526e24
11780151909417398e28
1178015190970605e29
11780151909995029e28
11780151909995048e28
11780151909995143e28
11780151909995104e28
11780224246001393e28
11780224246147573e28
11780224246571769e28
11780224246575195e28
1178022424658898e29
1179123090647322e29
11791231027521853e28
11791231027521865e28
11791231034427408e28
11791231034455916e28
1.3040000005502903
3194967563369086e13
3197595530502334e13
4237542603935363e19
10052652083570676e19
10052986740700784e19
10580657155096306e19
10580658978328082e19
12265981122756627e19
12265987011600306e19
1226657859484393e20
26243791063807703e31
2624379106380779e32
4048928967003524e34
4048928967023982e34
40489289670857034e33
40489289670857034e33
40489289670865487e33
40489289670865487e33
4048928967086547e34
1.3039999999997522
22373287775941323e17
26404085657575194e27
2640408565757545e28
2640408565757583e28
26404085657862396e27
2640408570588902e28
26406164072256087e27
26406164072278063e27
2640616411567462e28
2640616411566067e28
2640625253702225e28
2640625334043104e28
26406253340430966e27
26406253340433124e27
2640854021835179e28
2641540085139801e28
26415400851402133e27
2641540085152091e28
26415401355119623e27
1.304000017801592
12041434332444641e15
1421974480106454e16
6506959293937985e23
4417400796503113e31
44174007966917254e30
44174007966917254e30
44174007966917254e30
44174007966917624e30
44174007966917624e30
44174007966917644e30
44174007992482567e30
4417400801299247e31
4417400801299247e31
44174008012992484e30
4417400801404112e31
4417400801404115e31
4417400801409194e31
44174008025123647e30
44174008025123606e30
1.3040000001397785
14928621278476489e19
14928625054983786e19
14928625059284665e19
15210123978537689e19
15210154266038839e19
2711232994463539e24
27112330595210863e23
27112330595213468e23
2711235497346835e24
12976263405209334e27
1297626340287287e28
1297632214410516e28
12976322144039255e27
12976322152431092e27
1298212773642781e28
12982127736427967e27
12982127736539075e27
129821277372479e29
12982127828158106e27
1.3040018145566397
5004806331433949e14
10187756028503652e32
4075102411401461e33
4075102411401461e33
4075102411401461e33
4075102411401461e33
4075102411401444e33
4075102411404352e33
4075102411404352e33
407510241140435e34
407510241140435e34
407510241140435e34
407510241140435e34
407510241140435e34
407510241140435e34
40751024114043523e32
4075102411404353e33
4075102411404353e33
4075102411404353e33
1.3040000681995216
1545882332836741e14
42913465880998026e17
17165063667321913e18
17165063694312206e18
17167168352355813e18
20270406175491115e18
20283436335619826e18
20283479336830217e18
34547107051341774e18
11869096169746041e22
22508641633402724e22
22508641761441237e22
22508641810007308e22
2250864181909621e23
6505320565634534e26
6505320565669302e26
65053205656694046e25
65054322426112605e25
6505432243875061e26
1.3040110810635162
38139711594218456e12
18686555193488545e16
24276655096009058e16
24279395731378355e16
3359641052154768e21
33596412985067936e20
33596413070346236e20
335964130710176e22
3359641307896852e21
33846486865655696e20
33846492497613815e20
3384649368095094e21
3384649822253809e21
16389159045103866e27
16389159151325586e27
16389159148795863e27
16389159148814692e27
16389162938291486e27
16389174584757946e27
1.3040007322313905
6816740008892563e11
30721833138621477e12
2119861197678384e15
2203898154355583e15
7556707342598587e18
8519526540853471e26
8519526540855911e26
8519526540855927e26
8519526540855928e26
8519526580312152e26
8519526580348524e26
8519526580348547e26
851952658037213e27
8519526582215452e26
8520336257201835e26
8520336257210776e26
8520336921613687e26
8520337476529392e26
15011071633419876e49
4.012307692307693
7431921993215381e23
7432956672964156e23
7432979405364077e23
7734679613278816e23
7734679613283044e23
17597244315050346e27
17597244315050883e27
17597244315051913e27
17597244315184224e27
17597244410106515e27
17597244694883609e27
17597244694883609e27
1759724470605688e28
1759724470605153e28
17597244706411579e27
17597244706411866e27
17597244949933892e27
1759754143134541e28
17597541431344554e27
1759754145928817e28
17597541459310984e27
1759754145934328e28
17597541459357087e27
17604007886735179e27
17604007886735144e27
17605233390855696e27
17605233579601505e27
17605233582030593e27
176052335820169e29
17612039016694694e27
1761203901669474e28
17612039016803083e27
17612039016644228e27
1761203901664422e28
17612039016644243e27
17612041803694796e27
1761204180574912e28
17612041805749086e27
17612041805749079e27
1761204180575195e28
17612041815026184e27
17612041919446283e27
17612242357298213e27
26624653786754907e28
26624653786754907e28
26624653786756606e28
2662465378675661e29
2662465378629048e29
2662465378609201e29
266246537880344e30
11422743892854834e29
11422743892854804e29
11424266526239529e29
11424266530789894e29
11424290185163057e29
11424290185163324e29
11424290185312177e29
11424290185313491e29
11424290185314702e29
11424290185411823e29
11424290245696099e29
11424346795026895e29
11424346795026895e29
1142434679542199e30
11424346795422156e29
11424346795431226e29
11424346804972668e29
11424346804973135e29
11424944971044448e29
11424944960455112e29
11424944960453693e29
11425395661324014e29
1142539566133056e30
1142539566132629e30
11425395661326294e29
11425395661326288e29
11425395661326283e29
11425395661326527e29
11425395661326782e29
11425395661326782e29
11425398214580897e29
11425398214585274e29
11425398214590661e29
11425398214589199e29
11425398214597795e29
1142539821462499e30
11425712736329876e29
11425713723823704e29
11425746057694866e29
1142574605769431e30
1143486236552865e30
11434862453017719e29
8602894914638799e30
8602894914638801e30
8602894914664357e30
8602894914669877e30
8602894914669976e30
8602894914682671e30
8602894914801475e30
8602894914801475e30
8602894914801494e30
8602894914801485e30
8602894914801482e30
8602894914801468e30
8602894914802683e30
8602894914805568e30
860289491480511e31
8602894914805094e30
8602894914805356e30
8602895263618874e30
8602895263745114e30
8602895263744375e30
8602895263743042e30
8602895264857013e30
8602895264856976e30
8602895264857342e30
8602895264857154e30
8602895274274001e30
8603287584636925e30
8603331989575106e30
8603331989576609e30
8603331989574234e30
8603331989574875e30
8603331989574407e30
8603331989541668e30
8603331989542515e30
8603331989542561e30
8635810358054378e30
8635810362173572e30
18064236024037087e30
18064236024038495e30
18064236024039341e30
18064236024039308e30
1806423602406136e31
1806423602406136e31
18064236024061611e30
18064236024059745e30
18064236022768742e30
18064236022752374e30
18064236022752425e30
18064234169717498e30
1806423417881762e31
1806423417881763e31
18064234178817635e30
18064234178817693e30
18064234178832836e30
1806423417871991e31
18064234392854232e30
18064234392797606e30
18064234485419227e30
1806423448541862e31
18064234485416788e30
1806423448541681e31
18064234485413044e30
18064234485413257e30
1806423448555278e31
1806423448561961e31
18064234485846088e30
18064234485840293e30
18064234500788636e30
18064234500788674e30
18064234505072388e30
18064234505141155e30
18064234539934764e30
18064234545558177e30
1806423454555825e31
18064234545560294e30
18064234545560501e30
18065803234663627e30
1806580323414415e31
180658032186494e32
18065803218648867e30
18065803218648867e30
18065803218648624e30
18065803226454877e30
1806580322645488e31
1806580322645467e31
18065803226454578e30
18065803622163504e30
18065803622163517e30
18065803622164273e30
18065803622164202e30
1806580421114469e31
18065804213850326e30
13987592477853162e31
13987592477825762e31
13987592477820503e31
1398759247782084e32
13987601105947673e31
3354435206525046e34
3354435206525044e34
33544352065250445e33
3354435206525045e34
10186054730750619e34
1018605473075061e35
10186054730750584e34
10186054730750586e34
10186054730750586e34
10186054730750586e34
10186054730750575e34
10186054730750577e34
10186054730750577e34
10186054730750033e34
10186054730750077e34
10186054730750077e34
10186054730750077e34
10186054730750077e34
10186054730772046e34
10186054730772046e34
10186054730795202e34
10186054730795204e34
1018605473083706e35
17789371488778717e47
17789371488778717e47
17789371488778717e47
17789371488778717e47
17789371488778717e47
17789371488778717e47
17789371488778717e47
17789371488778717e47
17789371488778717e47
17789371488778717e47
17789371488778717e47
17789371488778717e47
17789371488778717e47
17789371488778717e47
17789371488778717e47
17789371488778717e47
17789371488778717e47
17789371488778717e47
17789371488778717e47
17789371488778717e47
17789371488778717e47
17789371488778717e47
17789371488778717e47
17789371488778717e47
17789371488778717e47
17789371488778717e47
17789371488778717e47
17789371488778717e47
17789371488778717e47
17789371488778717e47
17789371488778717e47
17789371488778717e47
17789371488778717e47
17789371488778717e47
17789371488778717e47
17789371488778717e47
17789371488778717e47
17789371488778717e47
17789371488778717e47
17789371488778717e47
17789371488778717e47
17789371488778717e47
17789371488778717e47
17789371488778717e47
17789371488778717e47
17789371488778717e47
17789371488778717e47
17789371488778717e47
17789371488778717e47
17789371488778717e47
17789371488778717e47
17789371488778717e47
17789371488778717e47
17789371491482206e47
17789371491482206e47
17789371491482206e47
17789371491482206e47
17789371491482206e47
17789371491482206e47
17789371491482206e47
17789371491482206e47
17789371491482206e47
17789371491482206e47
17789371491482206e47
17789371491482206e47
17789371491482206e47
17789371491482206e47
17789371491482206e47
17789371491482206e47
17789371491482206e47
17789371491482206e47
17789371491492174e47
17789371491492174e47
17789371491492174e47
17789371491492174e47
17789371491492174e47
17789371491492174e47
17789371491492174e47
17789371491492174e47
17789371491492174e47
17789371491492174e47
17789371491492174e47
17789371491492174e47
17789371491492174e47
17789371491492174e47
17789371491492174e47
17789371491492174e47
17789371491492174e47
17789371491492174e47
17789371491492174e47
17789371491492174e47
17789371491492174e47
17789371491492174e47
17789371491492174e47
17789371491492174e47
17789371491492174e47
17789371491492174e47
17789371491492174e47
17789371491492174e47
17789371491492174e47
17789371491492174e47
17789371491492174e47
17789371491492174e47
17789371491492174e47
17789371491492174e47
17789371491492174e47
17789371491492174e47
17789371491492174e47
17789371491492174e47
17789371491492174e47
17789371491492174e47
17789371491492174e47
17789371491492174e47
17789371491492174e47
17789371491492174e47
17789371491492174e47
17789371491492174e47
17789371491492174e47
17789371491492174e47
17789371491492174e47
17789371491492174e47
17789371491492174e47
17789371491492174e47
17789371491492174e47
17789371491492174e47
17789371491492174e47
17789371491492174e47
17789371491492174e47
17789371491492174e47
17789371491492174e47
17789371491492174e47
17789371491492174e47
17789371491492174e47
17789371491492174e47
17789371491492174e47
17789371491492174e47
17789371491492174e47
17789371491492174e47
17789371491492174e47
17789371491492174e47
17789371491492174e47
17789371491492174e47
17789371491492174e47
17789371491492174e47
17789371491492174e47
17789371491492174e47
17789371491492174e47
17789371491492174e47
17789371491492174e47
17789371491492174e47
17789371491492174e47
17789371491492174e47
17789371491492174e47
17789371491492174e47
17789371491492174e47
17789371491492174e47
17789371491492174e47
17789371491492174e47
17789371491492174e47
17789371491492174e47
17789371491492174e47
17789371491492174e47
17789371491492174e47
17789371491492174e47
17789371491492174e47
17789371491492174e47
17789371491492174e47
17789371491492174e47
17789371491492174e47
17789371491492174e47
17789371491492174e47
17789371491492174e47
17789371491492174e47
17789371491492174e47
17789371491492174e47
17789371491492174e47
17789371491492174e47
17789371491492174e47
17789371491492174e47
17789371491492174e47
17789371491492174e47
17789371491492174e47
17789371491492174e47
17789371491492174e47
17789371491492174e47
17789371491492174e47
17789371491492174e47
17789371491492174e47
17789371491492174e47
17789371491492174e47
17789371491492174e47
17789371491492174e47
17789371491492174e47
17789371491492174e47
17789371491492174e47
17789371491492174e47
17789371491492174e47
17789371491492174e47
17789371491492174e47
17789371491492174e47
17789371491492174e47
17789371491492174e47
17789371491492174e47
17789371491492174e47
17789371491492174e47
17789371491492174e47
17789371491492174e47
17789371491492174e47
17789371491492174e47
17789371491492174e47
17789371491492174e47
17789371491492174e47
17789371491492174e47
17789371491492174e47
17789371491492174e47
17789371491492174e47
17789371491492174e47
17789371491492174e47
17789371491492174e47
17789371491492174e47
17789371491492174e47
17789371491492174e47
17789371491492174e47
17789371491492174e47
17789371491492174e47
17789371491492174e47
17789371491492174e47
17789371491492174e47
17789371491492174e47
17789371491492174e47
17789371491492174e47
17789371491492174e47
17789371491492174e47
17789371491492174e47
17789371491492174e47
17789371491492174e47
17789371491492174e47
17789371491492174e47
17789371491492174e47
17789371491492174e47
17789371491492174e47
17789371491492174e47
17789371491492174e47
17789371491492174e47
17789371491492174e47
17789371491492174e47
17789371491492174e47
17789371491492174e47
17789371491492174e47
17789371491492174e47
17789371491492174e47
17789371491492174e47
17789371491492174e47
17789371491492174e47
17789371491492174e47
17789371491492174e47
17789371491492174e47
17789371491492174e47
17789371491492174e47
17789371491492174e47
17789371491492174e47
17789371491492174e47
17789371491492174e47
17789371491492174e47
17789371491492174e47
17789371491492174e47
17789371491492174e47
17789371491492174e47
17789371491492174e47
17789371491492174e47
17789371491492174e47
17789371491492174e47
17789371491492174e47
17789371491492174e47
17789371491492174e47
17789371491492174e47
17789371491492174e47
17789371491492174e47
17789371491492174e47
17789371491492174e47
17789371491492174e47
17789371491492174e47
17789371491492174e47
17789371491492174e47
17789371491492174e47
17789371491492174e47
17789371491492174e47
17789371491492174e47
17789371491492174e47
17789371491492174e47
17789371491492174e47
17789371491492174e47
1778937149483451e48
1778937149483451e48
1778937149483451e48
1778937149483451e48
1778937149483451e48
1778937149483451e48
1778937149483451e48
1778937149483451e48
1778937149483451e48
1778937149483451e48
1778937149483451e48
1778937149483451e48
1778937149483451e48
1778937149483451e48
1778937149483451e48
1778937149483451e48
1778937149483451e48
1778937149483451e48
1778937149483451e48
1778937149483451e48
1778937149483451e48
1778937149483451e48
1778937149483451e48
1778937149483451e48
1778937149483451e48
1778937149483451e48
1778937149483451e48
1778937149483451e48
1778937149483451e48
1778937149483451e48
1778937149483451e48
1778937149483451e48
1778937149483451e48
1778937149483451e48
1778937149483451e48
1778937149483451e48
1778937149483451e48
1778937149483451e48
1778937149483451e48
1778937149483451e48
1778937149483451e48
1778937149483451e48
1778937149483451e48
1778937149483451e48
1778937149483451e48
1778937149483451e48
1778937149483451e48
1778937149483451e48
1778937149483451e48
1778937149483451e48
1778937149483451e48
1778937149483451e48
1778937149483451e48
1778937149483451e48
1778937149483451e48
1778937149483451e48
1778937149483451e48
1778937149483451e48
1778937149483451e48
1778937149483451e48
1778937149483451e48
1778937149483451e48
1778937149483451e48
1778937149483451e48
1778937149483451e48
1778937149483451e48
1778937149483451e48
1778937149483451e48
1778937149483451e48
1778937149483451e48
1778937149483451e48
1778937149483451e48
1778937149483451e48
1778937149483451e48
1778937149483451e48
1778937149483451e48
1778937149483451e48
1778937149483451e48
1778937149483451e48
1778937149483451e48
1778937149483451e48
1778937149483451e48
1778937149483451e48
1778937149483451e48
1778937149483451e48
1778937149483451e48
1778937149483451e48
1778937149483451e48
1778937149483451e48
1778937149483451e48
1778937149483451e48
1778937149483451e48
1778937149483451e48
1778937149483451e48
1778937149483451e48
1778937149483451e48
1778937149483451e48
17789371494844654e47
17789371494875075e47
17789371494875075e47
17789371494875075e47
17789371494875075e47
17789371494875075e47
17789371494875075e47
17789371494875075e47
17789371494875075e47
17789371494875075e47
17789371494875075e47
17789371494875075e47
17789371494875075e47
17789371494875075e47
17789371494875075e47
17789371494875075e47
17789371494875075e47
17789371494875075e47
17789371494875075e47
17789371494875075e47
17789371494875075e47
17789371494875075e47
17789371494875075e47
17789371494875075e47
17789371494875075e47
17789371494875075e47
17789371494875075e47
17789371494875075e47
17789371494875075e47
17789371494875075e47
17789371494875075e47
17789371494875075e47
17789371494875075e47
17789371494875075e47
17789371494875075e47
17789371494875075e47
17789371494875075e47
17789371494875075e47
17789371494875075e47
17789371494875075e47
17789371494875075e47
17789371494875075e47
17789371494875075e47
17789371494875075e47
17789371494875075e47
17789371494875075e47
17789371494875075e47
17789371494875075e47
17789371494875075e47
17789371494875075e47
17789371494875075e47
17789371494875075e47
17789371494875075e47
17789371494875075e47
17789371494875075e47
17789371494875075e47
17789371494875075e47
17789371494875075e47
17789371494875075e47
17789371494875075e47
17789371494875075e47
17789371494875075e47
17789371494875075e47
17789371494875075e47
17789371494875075e47
17789371494875075e47
17789371494875075e47
17789371494875075e47
17789371494875075e47
17789371494875075e47
17789371494875075e47
17789371494875075e47
17789371494875075e47
17789371494875075e47
17789371494875075e47
17789371494875075e47
17789371494875075e47
17789371494875075e47
17789371494875075e47
17789371494875075e47
17789371494875075e47
17789371494875075e47
17789371494875075e47
17789371494875075e47
17789371494875075e47
17789371494875075e47
17789371494875075e47
17789371494875075e47
17789371494875075e47
17789371494875075e47
17789371494875075e47
17789371494875075e47
17789371494875075e47
17789371494875075e47
17789371494875075e47
17789371494875075e47
17789371494875075e47
17789371494875075e47
17789371494875075e47
17789371494875075e47
17789371494875075e47
17789371494875075e47
17789371494875075e47
17789371494875075e47
17789371494875075e47
17789371494875075e47
17789371494875075e47
17789371494875075e47
17789371494875075e47
17789371494875075e47
17789371494875075e47
17789371494875075e47
17789371494875075e47
17789371494875075e47
17789371494875075e47
17789371494875075e47
17789371494875075e47
17789371494875075e47
17789371494875075e47
17789371494875075e47
17789371494875075e47
17789371494875075e47
17789371494875075e47
17789371494875075e47
17789371494875075e47
17789371494875075e47
17789371494875075e47
17789371494875075e47
17789371494875287e47
17789371494875287e47
17789371494875287e47
17789371494875287e47
17789371494875287e47
17789371494875287e47
17789371494875287e47
17789371494875287e47
17789371494875287e47
17789371494875287e47
17789371494875287e47
17789371494875287e47
17789371494875287e47
17789371494875287e47
17789371494875287e47
17789371494875287e47
17789371494875287e47
17789371494875287e47
17789371494875287e47
17789371494875287e47
17789371494875287e47
17789371494875287e47
17789371494875287e47
17789371494875287e47
17789371494875287e47
17789371494875287e47
17789371494875287e47
17789371494875287e47
17789371494875287e47
17789371494875287e47
17789371494875287e47
17789371494875287e47
17789371494875287e47
17789371494875287e47
17789371494875287e47
17789371494875287e47
17789371494875287e47
17789371494875287e47
17789371494875287e47
17789371494875287e47
17789371494875287e47
17789371494875287e47
17789371494875287e47
17789371494875287e47
17789371494875287e47
17789371494875287e47
17789371494875287e47
17789371494875287e47
17789371494875287e47
17789371494875287e47
17789371494875287e47
17789371494875287e47
17789371494875287e47
17789371494875287e47
17789371494875287e47
17789371494875287e47
17789371494875287e47
17789371494875287e47
17789371494875287e47
17789371494875287e47
17789371494875287e47
17789371494875287e47
17789371494875287e47
17789371494875287e47
17789371494875287e47
17789371494875287e47
17789371494875287e47
17789371494875287e47
17789371494875287e47
17789371494875287e47
17789371494875287e47
17789371494875287e47
17789371494875287e47
17789371494875287e47
17789371494875287e47
17789371494875287e47
17789371494875287e47
17789371494875287e47
17789371494875287e47
17789371494875287e47
17789371494875287e47
17789371494875287e47
17789371494875287e47
17789371494875287e47
17789371494875287e47
17789371494875287e47
17789371494875287e47
17789371494875287e47
17789371494875287e47
17789371494875287e47
17789371494875287e47
17789371494875287e47
17789371494875287e47
17789371494875287e47
17789371494875287e47
17789371494875287e47
17789371494875287e47
17789371494875287e47
17789371494875287e47
1778937149487529e48
1778937149487529e48
1778937149487529e48
1778937149487529e48
1778937149487529e48
1778937149487529e48
1778937149487529e48
1778937149487529e48
1778937149487529e48
1778937149487529e48
1778937149487529e48
1778937149487529e48
1778937149487529e48
1778937149487529e48
1778937149487529e48
1778937149487529e48
1778937149487529e48
1778937149487529e48
1778937149487529e48
1778937149487529e48
1778937149487529e48
1778937149487529e48
1778937149487529e48
1778937149487529e48
1778937149487529e48
1778937149487529e48
1778937149487529e48
1778937149487529e48
1778937149487529e48
1778937149487529e48
1778937149487529e48
1778937149487529e48
1778937149487529e48
1778937149487529e48
1778937149487529e48
1778937149487529e48
1778937149487529e48
1778937149487529e48
1778937149487529e48
1778937149487529e48
1778937149487529e48
1778937149487529e48
1778937149487529e48
1778937149487529e48
1778937149487529e48
1778937149487529e48
1778937149487529e48
1778937149487529e48
1778937149487529e48
1778937149487529e48
1778937149487529e48
1778937149487529e48
1778937149487529e48
1778937149487529e48
1778937149487529e48
1778937149487529e48
1778937149487529e48
1778937149487529e48
1778937149487529e48
1778937149487529e48
1778937149487529e48
1778937149487529e48
1778937149487529e48
1778937149487529e48
1778937149487529e48
1778937149487529e48
1778937149487529e48
1778937149487529e48
1778937149487529e48
1778937149487529e48
1778937149487529e48
1778937149487529e48
1778937149487529e48
1778937149487529e48
1778937149487529e48
1778937149487529e48
1778937149487529e48
1778937149487529e48
1778937149487529e48
1778937149487529e48
1778937149487529e48
1778937149487529e48
1778937149487529e48
1778937149487529e48
1778937149487529e48
1778937149487529e48
1778937149487529e48
1778937149487529e48
1778937149487529e48
1778937149487529e48
1778937149487529e48
1778937149487529e48
1778937149487529e48
1778937149487529e48
1778937149487529e48
1778937149487529e48
1778937149487529e48
1778937149487529e48
1778937149487529e48
1778937149487529e48
1778937149487529e48
1778937149487529e48
1778937149487529e48
1778937149487529e48
1778937149487529e48
1778937149487529e48
1778937149487529e48
1778937149487529e48
1778937149487529e48
17789371494875294e47
17789371494875294e47
17789371494875294e47
17789371494875294e47
17789371494875294e47
17789371494875294e47
17789371494875294e47
17789371494875294e47
17789371494875294e47
17789371494875294e47
17789371494875294e47
17789371494875294e47
17789371494875294e47
17789371494875294e47
17789371494875294e47
17789371494875294e47
17789371494875294e47
17789371494875294e47
17789371494875294e47
17789371494875294e47
17789371494875294e47
17789371494875294e47
17789371494875294e47
17789371494875294e47
17789371494875294e47
17789371494875294e47
17789371494875294e47
17789371494875294e47
17789371494875294e47
17789371494875294e47
17789371494875294e47
17789371494875294e47
17789371494875294e47
17789371494875294e47
17789371494875294e47
17789371494875294e47
17789371494875294e47
17789371494875294e47
17789371494875294e47
17789371494875294e47
17789371494875294e47
17789371494875294e47
17789371494875294e47
17789371494875294e47
17789371494875294e47
17789371494875294e47
17789371494875294e47
17789371494875294e47
17789371494875294e47
17789371494875294e47
17789371494875294e47
17789371494875294e47
17789371494875294e47
17789371494875294e47
17789371494875294e47
17789371494875294e47
17789371494875294e47
17789371494875294e47
17789371494875294e47
17789371494875294e47
17789371494875294e47
17789371494875294e47
17789371494875294e47
17789371494875294e47
17789371494875294e47
17789371494875294e47
17789371494875294e47
17789371494875294e47
17789371494875294e47
17789371494875294e47
17789371494875294e47
17789371494875294e47
17789371494875294e47
17789371494875294e47
17789371494875294e47
17789371494875294e47
17789371494875294e47
17789371494875294e47
17789371494875294e47
17789371494875294e47
17789371494875294e47
17789371494875294e47
17789371494875294e47
17789371494875294e47
17789371494875294e47
17789371494875294e47
17789371494875294e47
17789371494875294e47
17789371494875294e47
17789371494875294e47
17789371494875294e47
17789371494875294e47
17789371494875294e47
17789371494875294e47
17789371494875294e47
17789371494875294e47
17789371494875294e47
17789371494875294e47
17789371494875294e47
17789371494875294e47
17789371494875294e47
17789371494875294e47
17789371494875294e47
17789371494875294e47
17789371494875294e47
17789371494875294e47
17789371494875294e47
17789371494875294e47
17789371494875294e47
17789371494875294e47
17789371494875294e47
17789371494875294e47
17789371494875294e47
17789371494875294e47
17789371494875294e47
17789371494875294e47
17789371494875294e47
17789371494875294e47
17789371494875294e47
17789371494875294e47
17789371494875294e47
17789371494875294e47
17789371494875294e47
17789371494875294e47
17789371494875294e47
17789371494875294e47
17789371494875294e47
17789371494875294e47
17789371494875294e47
17789371494875294e47
17789371494875294e47
17789371494875294e47
17789371494875294e47
17789371494875294e47
17789371494875294e47
17789371494875294e47
17789371494875294e47
17789371494875294e47
17789371494875294e47
17789371494875294e47
17789371494875294e47
17789371494875294e47
17789371494875294e47
17789371494875294e47
17789371494875294e47
17789371494875294e47
17789371494875294e47
17789371494875294e47
17789371494875294e47
17789371494875294e47
17789371494875294e47
17789371494875294e47
17789371494875294e47
17789371494875294e47
17789371494875294e47
17789371494875294e47
17789371494875294e47
17789371494875294e47
17789371494875294e47
17789371494875294e47
17789371494875294e47
17789371494875294e47
17789371494875294e47
17789371494875294e47
17789371494875294e47
17789371494875294e47
17789371494875294e47
17789371494875294e47
17789371494875294e47
17789371494875294e47
17789371494875294e47
17789371494875294e47
17789371494875294e47
17789371494875294e47
17789371494875294e47
17789371494875294e47
17789371494875294e47
17789371494875294e47
17789371494875294e47
17789371494875294e47
17789371494875294e47
17789371494875294e47
17789371494875294e47
17789371494875294e47
17789371494875294e47
17789371494875294e47
17789371494875294e47
17789371494875294e47
17789371494875294e47
17789371494875294e47
17789371494875294e47
17789371494875294e47
17789371494875294e47
17789371494875294e47
17789371494875294e47
17789371494875294e47
17789371494875294e47
17789371494875294e47
17789371494875294e47
17789371494875294e47
17789371494875294e47
17789371494875294e47
17789371494875294e47
17789371494875294e47
17789371494875294e47
17789371494875294e47
17789371494875294e47
17789371494875294e47
17789371494875294e47
17789371494875294e47
17789371494875294e47
17789371494875294e47
17789371494875294e47
17789371494875294e47
17789371494875294e47
17789371494875294e47
17789371494875294e47
17789371494875294e47
17789371494875294e47
17789371494875294e47
17789371494875294e47
17789371494875294e47
17789371494875294e47
17789371494875294e47
17789371494875294e47
17789371494875294e47
17789371494875294e47
17789371494875294e47
17789371494875294e47
17789371494875294e47
17789371494875294e47
17789371494875294e47
17789371494875294e47
17789371494875294e47
17789371494875294e47
17789371494875294e47
17789371494875294e47
17789371494875294e47
17789371494875294e47
17789371494875294e47
17789371494875294e47
17789371494875294e47
17789371494875294e47
17789371494875294e47
17789371494875294e47
17789371494875294e47
17789371494875294e47
17789371494875294e47
17789371494875294e47
17789371494875294e47
17789371494875294e47
17789371494875294e47
17789371494875294e47
17789371494875294e47
17789371494875294e47
17789371494875294e47
17789371494875294e47
17789371494875294e47
17789371494875294e47
17789371494875294e47
17789371494875294e47
17789371494875294e47
17789371494875294e47
17789371494875294e47
17789371494875294e47
17789371494875294e47
17789371494875294e47
17789371494875294e47
17789371494875294e47
17789371494875294e47
17789371494875294e47
17789371494875294e47
17789371494875294e47
17789371494875294e47
17789371494875294e47
17789371494875294e47
17789371494875294e47
17789371494875294e47
17789371494875294e47
17789371494875294e47
17789371494875294e47
17789371494875294e47
17789371494875294e47
17789371494875294e47
17789371494875294e47
17789371494875294e47
17789371494875294e47
17789371494875294e47
17789371494875294e47
17789371494875294e47
17789371494875294e47
17789371494875294e47
17789371494875294e47
17789371494875294e47
17789371494875294e47
17789371494875294e47
17789371494875294e47
17789371494875294e47
17789371494875294e47
17789371494875294e47
17789371494875294e47
17789371494875294e47
17789371494875294e47
17789371494875294e47
17789371494875294e47
17789371494875294e47
17789371494875294e47
17789371494875294e47
17789371494875294e47
17789371494875294e47
17789371494875294e47
17789371494875294e47
17789371494875294e47
17789371494875294e47
17789371494875294e47
17789371494875294e47
17789371494875294e47
17789371494875294e47
17789371494875294e47
17789371494875294e47
17789371494875294e47
17789371494875294e47
17789371494875294e47
17789371494875294e47
17789371494875294e47
17789371494875294e47
17789371494875294e47
17789371494875294e47
17789371494875294e47
17789371494875294e47
17789371494875294e47
17789371494875294e47
17789371494875294e47
17789371494875294e47
17789371494875294e47
17789371494875294e47
17789371494875294e47
17789371494875294e47
17789371494875294e47
17789371494875294e47
17789371494875294e47
17789371494875374e47
17789371494875374e47
17789371494875374e47
17789371494875374e47
17789371494875374e47
17789371494875374e47
17789371494875374e47
17789371494875374e47
17789371494875374e47
17789371494875374e47
17789371494875374e47
17789371494875374e47
17789371494875374e47
17789371494875374e47
17789371494875374e47
17789371494875374e47
17789371494875374e47
17789371494875374e47
17789371494875374e47
17789371494875374e47
17789371494875374e47
17789371494875374e47
17789371494875374e47
17789371494875374e47
17789371494875374e47
17789371494875374e47
17789371494875374e47
17789371494875374e47
17789371494875374e47
17789371494875374e47
17789371494875374e47
17789371494875374e47
17789371494875374e47
17789371494875374e47
17789371494875374e47
17789371494875374e47
17789371494875374e47
17789371494875374e47
17789371494875374e47
17789371494875374e47
17789371494875374e47
17789371494875374e47
17789371494875374e47
17789371494875374e47
17789371494875374e47
17789371494875374e47
17789371494875374e47
17789371494875374e47
17789371494875374e47
17789371494875374e47
17789371494875374e47
17789371494875374e47
17789371494875374e47
17789371494875374e47
17789371494875374e47
17789371494875374e47
17789371494875374e47
17789371494875374e47
17789371494875374e47
17789371494875374e47
17789371494875374e47
17789371494875374e47
17789371494875374e47
17789371494875374e47
17789371494875374e47
17789371494875374e47
17789371494875374e47
17789371494875374e47
17789371494875374e47
17789371494875374e47
17789371494875374e47
17789371494875374e47
17789371494875374e47
17789371494875374e47
17789371494875374e47
17789371494875374e47
17789371494875374e47
17789371494875374e47
17789371494875374e47
17789371494875374e47
17789371494875374e47
17789371494875374e47
17789371494875374e47
17789371494875374e47
17789371494875374e47
17789371494875374e47
17789371494875374e47
17789371494875374e47
17789371494875374e47
17789371494875374e47
17789371494875374e47
17789371494875374e47
17789371494875374e47
17789371494875374e47
17789371494875374e47
17789371494875374e47
17789371494875374e47
17789371494875374e47
17789371494875374e47
17789371494875374e47
17789371494875374e47
17789371494875374e47
17789371494875374e47
17789371494875374e47
17789371494875374e47
17789371494875374e47
17789371494875374e47
17789371494875374e47
17789371494875374e47
17789371494875374e47
17789371494875374e47
17789371494875374e47
17789371494875374e47
17789371494875374e47
17789371494875374e47
17789371494875374e47
17789371494875374e47
17789371494875374e47
17789371494875374e47
17789371494875374e47
17789371494875374e47
17789371494875374e47
17789371494875374e47
17789371494875374e47
17789371494875374e47
17789371494875374e47
17789371494875374e47
17789371494875374e47
17789371494875374e47
17789371494875374e47
17789371494875374e47
17789371494875374e47
17789371494875374e47
17789371494875374e47
17789371494875374e47
17789371494875374e47
17789371494875374e47
17789371494875374e47
17789371494875374e47
17789371494875374e47
17789371494875374e47
17789371494875374e47
17789371494875374e47
17789371494875374e47
17789371494875374e47
17789371494875374e47
17789371494875374e47
17789371494875374e47
17789371494875374e47
17789371494875374e47
17789371494875374e47
17789371494875374e47
17789371494875374e47
17789371494875374e47
17789371494875396e47
17789371494875396e47
17789371494875396e47
17789371494875396e47
17789371494875396e47
17789371494875396e47
17789371494875396e47
17789371494875396e47
17789371494875396e47
17789371494875396e47
17789371494875396e47
17789371494875396e47
17789371494875396e47
17789371494875396e47
17789371494875396e47
17789371494875396e47
17789371494875396e47
17789371494875396e47
17789371494875396e47
17789371494875396e47
17789371494875396e47
17789371494875396e47
17789371494875396e47
17789371494875396e47
17789371494875396e47
17789371494875396e47
17789371494875396e47
17789371494875396e47
17789371494875396e47
17789371494875396e47
17789371494875396e47
17789371494875396e47
17789371494875396e47
17789371494875396e47
17789371494875396e47
17789371494875396e47
17789371494875396e47
17789371494875396e47
17789371494875396e47
17789371494875396e47
17789371494875396e47
17789371494875396e47
17789371494875396e47
17789371494875396e47
17789371494875396e47
17789371494875396e47
17789371494875396e47
17789371494875396e47
17789371494875396e47
17789371494875396e47
17789371494875396e47
17789371494875396e47
17789371494875396e47
17789371494875396e47
17789371494875396e47
17789371494875396e47
17789371494875396e47
17789371494875396e47
17789371494875396e47
17789371494875396e47
17789371494875396e47
17789371494875396e47
17789371494875396e47
17789371494875396e47
17789371494875396e47
17789371494875396e47
17789371494875396e47
17789371494875396e47
17789371494875396e47
17789371494875396e47
17789371494875396e47
17789371494875396e47
17789371494875396e47
17789371494875396e47
17789371494875396e47
17789371494875396e47
17789371494875396e47
17789371494875396e47
17789371494875396e47
17789371494875396e47
17789371494875396e47
17789371494875396e47
17789371494875396e47
17789371494875396e47
17789371494875396e47
17789371494875396e47
17789371494875396e47
17789371494875396e47
17789371494875396e47
17789371494875396e47
17789371494875396e47
17789371494875396e47
17789371494875396e47
17789371494875396e47
17789371494875396e47
17789371494875396e47
17789371494875396e47
17789371494875396e47
17789371494875396e47
17789371494875396e47
17789371494875396e47
17789371494875396e47
17789371494875396e47
17789371494875396e47
17789371494875396e47
17789371494875396e47
17789371494875396e47
17789371494875396e47
17789371494875396e47
17789371494875396e47
17789371494875396e47
17789371494875396e47
17789371494875396e47
17789371494875396e47
17789371494875396e47
17789371494875396e47
17789371494875396e47
17789371494875396e47
17789371494875396e47
17789371494875396e47
17789371494875396e47
17789371494875396e47
17789371494875396e47
17789371494875396e47
17789371494875396e47
17789371494875396e47
17789371494875396e47
17789371494875396e47
17789371494875396e47
17789371494875396e47
17789371494875396e47
17789371494875396e47
17789371494875396e47
17789371494875396e47
17789371494875396e47
17789371494875396e47
17789371494875396e47
17789371494875396e47
17789371494875396e47
17789371494875396e47
17789371494875396e47
17789371494875396e47
17789371494875396e47
17789371494875396e47
17789371494875396e47
17789371494875396e47
17789371494875396e47
17789371494875396e47
17789371494875396e47
17789371494875396e47
17789371494875396e47
17789371494875396e47
17789371494875396e47
17789371494875396e47
17789371494875396e47
17789371494875396e47
17789371494875396e47
17789371494875396e47
17789371494875396e47
17789371494875396e47
17789371494875396e47
17789371494875396e47
17789371494875396e47
17789371494875396e47
17789371494875396e47
17789371494875396e47
17789371494875396e47
17789371494875396e47
