  2.369968802391
  2.456992373358
  2.544015944325
  2.376774093208
  2.209532242090
  2.001607696675
  1.793683151261
  1.786855308253
  1.780027465244
  1.785727395014
  1.791427324783
  1.983267575370
  2.175107825956
  2.179409236171
  2.183710646386
  2.082572930288
  1.981435214189
  1.854433370355
  1.727431526521
  1.892329830571
  2.057228134621
  1.961327113608
  1.865426092595
  1.752390010598
  1.639353928600
  1.663281379429
  1.687208830258
  1.690401164958
  1.693593499658
  2.040512266893
  2.387431034128
  2.613209325844
  2.838987617559
  2.768847185920
  2.698706754280
  2.467022437574
  2.235338120869
  2.373985130096
  2.512632139323
  2.508869915034
  2.505107690746
  2.689173502709
  2.873239314672
  2.845852158742
  2.818465002812
  2.768822315967
  2.719179629122
  2.705771697709
  2.692363766296
  2.946711212043
  3.201058657790
  3.358181023964
  3.515303390138
  3.368938526315
  3.222573662492
  3.264427552196
  3.306281441901
  3.101414475817
  2.896547509733
  2.918416682025
  2.940285854318
  3.063447678694
  3.186609503069
  3.235589684876
  3.284569866684
  3.353441467669
  3.422313068655
  3.146423969470
  2.870534870286
  2.962988222212
  3.055441574137
  3.038557562095
  3.021673550053
  2.819590293357
  2.617507036661
  2.666021424955
  2.714535813250
  2.762217380167
  2.809898947084
  2.947255524622
  3.084612102160
  2.689466713123
  2.294321324087
  2.413358398339
  2.532395472591
  2.288209681311
  2.044023890031
  1.950053130237
  1.856082370442
  1.965557979036
  2.075033587630
  2.308378849345
  2.541724111061
  2.390492668006
  2.239261224951
  2.418392607394
  2.597523989838
  2.601686000040
  2.605848010242
  2.637835222691
  2.669822435139
  2.379736736085
  2.089651037031
  2.023494589582
  1.957338142133
  2.156640862093
  2.355943582053
  2.374573614982
  2.393203647910
  2.372190189172
  2.351176730433
  2.114247846728
  1.877318963023
  2.265015643881
  2.652712324739
  2.776903610927
  2.901094897115
  2.867809255967
  2.834523614818
  2.614223081749
  2.393922548679
  2.392458814473
  2.390995080267
  2.364158158890
  2.337321237514
  2.252190014159
  2.167058790804
  2.143647276820
  2.120235762836
  1.972330657509
  1.824425552182
  1.905222506325
  1.986019460468
  1.964912646001
  1.943805831534
  2.047262874328
  2.150719917121
  1.973144518435
  1.795569119749
  1.930998756335
  2.066428392921
  2.269277594986
  2.472126797052
  2.254468115692
  2.036809434331
  2.054725002672
  2.072640571013
  1.951696556739
  1.830752542465
  1.809287168395
  1.787821794326
  1.922569296400
  2.057316798475
  2.009613597796
  1.961910397117
  1.969083267913
  1.976256138709
  1.821215821405
  1.666175504101
  1.878848699601
  2.091521895102
  2.069676789356
  2.047831683610
  2.034707677841
  2.021583672073
  1.983076043301
  1.944568414530
  1.898961835801
  1.853355257073
  1.756994876673
  1.660634496273
  1.598624992607
  1.536615488941
  1.654528587696
  1.772441686451
  1.836480388525
  1.900519090599
  1.886094325166
  1.871669559733
  1.638593348478
  1.405517137222
  1.523032764794
  1.640548392365
  1.620008914453
  1.599469436541
  1.552644692548
  1.505819948556
  1.516087604379
  1.526355260202
  1.713784392338
  1.901213524473
  1.938954072822
  1.976694621172
  1.881337391130
  1.785980161089
  1.835584753057
  1.885189345026
  1.757326063691
  1.629462782356
  1.405691954567
  1.181921126777
  1.219210856580
  1.256500586383
  1.272591013822
  1.288681441260
  1.325922272098
  1.363163102936
  1.358568034839
  1.353972966743
  1.429535295830
  1.505097624917
  1.764862226935
  2.024626828954
  1.649287455213
  1.273948081472
  1.334520134389
  1.395092187307
  1.463488208644
  1.531884229980
  1.477334145529
  1.422784061078
  1.416652655737
  1.410521250396
  1.458792662015
  1.507064073634
  1.517766059482
  1.528468045329
  1.448771980009
  1.369075914689
  1.514856855516
  1.660637796342
  1.902297607059
  2.143957417776
  1.845576961649
  1.547196505522
  1.559515390884
  1.571834276246
  1.539295770507
  1.506757264769
  1.435377744042
  1.363998223315
  1.517872288922
  1.671746354528
  1.517924100667
  1.364101846805
  1.329730002349
  1.295358157893
  1.460063837860
  1.624769517827
  1.578641894877
  1.532514271927
  1.489186588038
  1.445858904150
  1.298452856977
  1.151046809803
  1.319006484257
  1.486966158712
  1.368854568228
  1.250742977745
  1.387008981410
  1.523274985075
  1.440391317743
  1.357507650410
  1.323477162401
  1.289446674391
  1.129571143137
  0.969695611883
  1.092934210844
  1.216172809806
  1.312385041915
  1.408597274024
  1.383399843838
  1.358202413651
  1.340903837265
  1.323605260879
  1.258794809153
  1.193984357427
  1.185657722233
  1.177331087038
  1.340505433484
  1.503679779929
  1.424403741244
  1.345127702558
  1.385705610481
  1.426283518404
  1.296777051021
  1.167270583639
  1.294242059839
  1.421213536040
  1.010651431532
  0.600089327023
  0.862453876760
  1.124818426498
  1.259766245618
  1.394714064738
  1.340982018881
  1.287249973024
  1.455020158804
  1.622790344584
  1.716206031237
  1.809621717890
  1.705980649828
  1.602339581766
  1.551355491594
  1.500371401423
  1.377777969874
  1.255184538326
  1.309044266832
  1.362903995337
  1.453506947060
  1.544109898784
  1.395227931797
  1.246345964809
  1.577001261808
  1.907656558807
  1.952511811849
  1.997367064892
  1.896618579779
  1.795870094667
  1.786929022011
  1.777987949355
  1.676366331455
  1.574744713555
  1.666071897987
  1.757399082419
  1.702692340776
  1.647985599132
  1.695958219072
  1.743930839012
  1.862020068294
  1.980109297577
  1.885412456567
  1.790715615558
  1.674242338561
  1.557769061564
  1.407231286645
  1.256693511726
  1.328504196179
  1.400314880632
  1.496909268140
  1.593503655647
  1.480143885895
  1.366784116143
  1.243446480148
  1.120108844153
  1.363684738145
  1.607260632136
  1.511836220885
  1.416411809634
  1.286281099956
  1.156150390278
  1.204307797490
  1.252465204702
  1.212644324287
  1.172823443871
  1.297777630973
  1.422731818074
  1.288102153680
  1.153472489286
  1.257280486252
  1.361088483217
  1.362147666977
  1.363206850737
  1.576414925084
  1.789622999431
  1.703052411322
  1.616481823213
  1.788584593450
  1.960687363688
  1.791833125120
  1.622978886552
  1.717302764501
  1.811626642449
  1.826434668370
  1.841242694292
  1.680058101313
  1.518873508335
  1.516590260061
  1.514307011787
  1.803996339215
  2.093685666642
  2.009971543906
  1.926257421171
  1.841750818541
  1.757244215912
  1.769963126026
  1.782682036139
  1.847553630910
  1.912425225681
  1.822085887680
  1.731746549680
  1.837881976653
  1.944017403627
  1.828055857727
  1.712094311827
  1.563761101187
  1.415427890548
  1.483276738346
  1.551125586145
  1.536865952263
  1.522606318382
  1.613976463278
  1.705346608174
  1.730250667465
  1.755154726756
  1.566105932761
  1.377057138766
  1.416532682919
  1.456008227072
  1.559399067355
  1.662789907638
  1.527640358027
  1.392490808416
  1.219311654916
  1.046132501415
  1.067905409367
  1.089678317319
  1.383891203184
  1.678104089050
  1.463387367609
  1.248670646168
  1.220062186374
  1.191453726580
  1.290597333097
  1.389740939614
  1.136859072528
  0.883977205442
  0.881409598827
  0.878841992213
  1.032272770276
  1.185703548339
  1.150426517214
  1.115149486089
  1.003120335610
  0.891091185131
  1.016740025888
  1.142388866644
  1.210573858110
  1.278758849577
  1.364386249997
  1.450013650417
  1.305329445019
  1.160645239621
  1.266660254731
  1.372675269841
  1.312729535683
  1.252783801526
  1.264917599648
  1.277051397770
  1.201855809695
  1.126660221620
  1.271050340088
  1.415440458555
  1.534811451969
  1.654182445382
  1.708195192039
  1.762207938695
  1.854738002956
  1.947268067217
  2.018410867385
  2.089553667553
  1.903934416860
  1.718315166167
  1.911236076395
  2.104156986622
  2.274210784709
  2.444264582795
  2.496936638616
  2.549608694437
  2.569949450525
  2.590290206612
  2.912562886022
  3.234835565432
  3.190689516603
  3.146543467773
  3.090962969291
  3.035382470808
  2.934582848943
  2.833783227078
  2.697443532167
  2.561103837255
  2.855898960931
  3.150694084607
  3.244052424043
  3.337410763479
  3.323014187363
  3.308617611248
  3.568142638725
  3.827667666202
  3.603711314917
  3.379754963633
  3.363336598401
  3.346918233169
  3.376861536479
  3.406804839789
  3.414966294800
  3.423127749811
  3.508926284767
  3.594724819723
  3.410882658075
  3.227040496426
  3.188879417236
  3.150718338047
  3.322655435464
  3.494592532881
  3.405302736543
  3.316012940206
  3.347896831818
  3.379780723429
  3.478013151665
  3.576245579901
  3.653688675894
  3.731131771887
  3.755304457346
  3.779477142804
  3.878706850738
  3.977936558673
  3.692111550531
  3.406286542390
  3.559166401072
  3.712046259755
  3.638868842780
  3.565691425804
  3.538561205550
  3.511430985295
  3.307495554435
  3.103560123576
  2.924656336289
  2.745752549003
  2.905442515116
  3.065132481228
  2.874560958154
  2.683989435081
  2.536543079106
  2.389096723131
  2.327072277224
  2.265047831317
  2.401103179591
  2.537158527865
  2.622020884129
  2.706883240392
  2.771509755775
  2.836136271157
  2.830389440601
  2.824642610045
  2.594761016776
  2.364879423507
  2.409889001047
  2.454898578587
  2.270300795979
  2.085703013371
  1.981086499203
  1.876469985035
  1.885959145619
  1.895448306202
  2.049353954383
  2.203259602563
  2.072823085682
  1.942386568801
  1.972871866911
  2.003357165022
  1.709130184543
  1.414903204064
  1.571653386533
  1.728403569002
  1.906350643548
  2.084297718095
  1.868122492801
  1.651947267507
  1.835837147235
  2.019727026963
  1.797439224560
  1.575151422156
  1.700365030450
  1.825578638743
  2.007928232935
  2.190277827128
  1.958076549893
  1.725875272658
  1.629240445700
  1.532605618742
  1.424983783701
  1.317361948660
  1.150533056909
  0.983704165158
  1.110118179115
  1.236532193072
  1.375679022177
  1.514825851283
  1.509488354679
  1.504150858075
  1.552596871188
  1.601042884300
  1.571668317908
  1.542293751515
  1.381777981251
  1.221262210986
  1.097869616687
  0.974477022389
  0.959426434236
  0.944375846082
  0.792316293134
  0.640256740187
  0.774530699291
  0.908804658395
  0.912038724741
  0.915272791088
  0.941425679596
  0.967578568104
  0.954423852422
  0.941269136740
  1.036195895566
  1.131122654391
  0.940452124062
  0.749781593732
  0.779045567460
  0.808309541187
  0.585014082291
  0.361718623395
  0.431804439959
  0.501890256523
  0.482293812934
  0.462697369345
  0.494340371654
  0.525983373963
  0.549849805676
  0.573716237390
  0.523931221403
  0.474146205417
  0.397394211562
  0.320642217708
  0.393853871984
  0.467065526259
  0.579077167710
  0.691088809161
  0.457824048733
  0.224559288305
  0.206493853466
  0.188428418627
  0.090229273621
 -0.007969871386
  0.214240596794
  0.436451064974
  0.242514668793
  0.048578272613
  0.171367084504
  0.294155896396
  0.248758187912
  0.203360479428
  0.289158007413
  0.374955535398
  0.401595627980
  0.428235720561
  0.644792693719
  0.861349666877
  1.004151021187
  1.146952375497
  1.036008214868
  0.925064054240
  0.832036812207
  0.739009570175
  0.510561851436
  0.282114132698
  0.585654258976
  0.889194385255
  0.806778806215
  0.724363227175
  1.010946352156
  1.297529477137
  1.002386516034
  0.707243554931
  0.781773942259
  0.856304329588
  0.871002591658
  0.885700853727
  0.864204695122
  0.842708536516
  0.926514200236
  1.010319863957
  1.259273729055
  1.508227594153
  1.275940656026
  1.043653717898
  0.953246758657
  0.862839799416
  1.069493331672
  1.276146863929
  1.379678234602
  1.483209605275
  1.281185260120
  1.079160914965
  1.416072941508
  1.752984968051
  1.830011893471
  1.907038818892
  1.821176679222
  1.735314539553
  1.660463670431
  1.585612801308
  1.581809678696
  1.578006556083
  1.613279550105
  1.648552544128
  1.723197442131
  1.797842340135
  1.926199566772
  2.054556793410
  2.068811889296
  2.083066985183
  1.754831980878
  1.426596976573
  1.415690530778
  1.404784084984
  1.518752161696
  1.632720238408
  1.642463986339
  1.652207734270
  1.673285234099
  1.694362733927
  1.742743687347
  1.791124640768
  1.812528218412
  1.833931796057
  2.024226055932
  2.214520315807
  2.280312547259
  2.346104778712
  2.159725973782
  1.973347168853
  1.944419070162
  1.915490971472
  1.890834804956
  1.866178638440
  1.660913483677
  1.455648328915
  1.574112447598
  1.692576566281
  1.772487281736
  1.852397997191
  1.804324798388
  1.756251599586
  1.716988120474
  1.677724641363
  1.624783897528
  1.571843153693
  1.655498795238
  1.739154436784
  1.745588265872
  1.752022094960
  1.815472672748
  1.878923250536
  1.788490687302
  1.698058124068
  1.666555257690
  1.635052391312
  1.354616889546
  1.074181387779
  1.142935895569
  1.211690403358
  1.212978538678
  1.214266673998
  1.132314478950
  1.050362283902
  1.090981088874
  1.131599893846
  1.416411284663
  1.701222675479
  1.855278378054
  2.009334080628
  1.860763886513
  1.712193692398
  1.517221200257
  1.322248708115
  1.516488609559
  1.710728511003
  1.578064359729
  1.445400208454
  1.413801317833
  1.382202427212
  1.382339382770
  1.382476338329
  1.224869541547
  1.067262744765
  1.216583822203
  1.365904899640
  1.494395083136
  1.622885266632
  1.615906010658
  1.608926754684
  1.542903211292
  1.476879667900
  1.456987398615
  1.437095129331
  1.613742735706
  1.790390342081
  1.796888979496
  1.803387616911
  1.692496684213
  1.581605751515
  1.240618753036
  0.899631754557
  0.989384702825
  1.079137651094
  1.100373135012
  1.121608618931
  1.220158503505
  1.318708388080
  1.208010325920
  1.097312263761
  1.070676822304
  1.044041380847
  0.985678097838
  0.927314814829
  1.124074128447
  1.320833442065
  1.348222468583
  1.375611495102
  1.180680648491
  0.985749801880
  0.915000846375
  0.844251890869
  0.840293961632
  0.836336032394
  0.905860414561
  0.975384796727
  0.971292805577
  0.967200814428
  0.986235012598
  1.005269210769
  0.960859575388
  0.916449940008
  1.065719013812
  1.214988087616
  0.812781636208
  0.410575184801
  0.484028762497
  0.557482340194
  0.535446828068
  0.513411315943
  0.507456686838
  0.501502057733
  0.707446156840
  0.913390255948
  0.992575385702
  1.071760515457
  0.878537110005
  0.685313704553
  0.734689411070
  0.784065117588
  0.676059055951
  0.568052994314
  0.690426054382
  0.812799114451
  0.777143793105
  0.741488471760
  0.816062073846
  0.890635675932
  0.807876524663
  0.725117373393
  0.692609044781
  0.660100716169
  0.737864189681
  0.815627663194
  0.715096878269
  0.614566093344
  0.566005406606
  0.517444719868
  0.550675903658
  0.583907087447
  0.377588785530
  0.171270483612
  0.050881702149
 -0.069507079315
  0.071999025039
  0.213505129394
  0.461680355421
  0.709855581447
  0.716949750784
  0.724043920121
  0.737628385420
  0.751212850720
  0.760295877294
  0.769378903868
  0.703345902185
  0.637312900502
  0.792473622001
  0.947634343501
  0.812696566475
  0.677758789448
  0.807336770520
  0.936914751591
  1.019060950465
  1.101207149339
  1.191195633778
  1.281184118217
  1.065438483259
  0.849692848300
  0.932241857273
  1.014790866246
  1.092884412257
  1.170977958269
  1.188381800784
  1.205785643299
  1.094288269323
  0.982790895348
  1.059860742873
  1.136930590397
  1.237031017825
  1.337131445253
  1.333064133086
  1.328996820919
  1.479966131737
  1.630935442555
  1.749478348510
  1.868021254466
  1.774057377975
  1.680093501483
  1.703529135562
  1.726964769641
  1.890590873379
  2.054216977116
  2.272492988487
  2.490768999859
  2.676048946831
  2.861328893803
  2.769066802283
  2.676804710763
  2.567812508926
  2.458820307088
  2.539784744189
  2.620749181290
  2.957640302209
  3.294531423128
  3.143593064532
  2.992654705936
  2.999525586765
  3.006396467593
  2.932992442853
  2.859588418112
  2.849317395257
  2.839046372401
  2.844223114467
  2.849399856533
  2.541946991041
  2.234494125549
  2.378028538084
  2.521562950619
  2.726954393812
  2.932345837005
  2.899850222446
  2.867354607887
  2.927838875923
  2.988323143959
  3.002853705823
  3.017384267686
  3.336712431369
  3.656040595052
  3.379153632274
  3.102266669497
  3.243199129675
  3.384131589853
  3.489264064122
  3.594396538391
  3.863794398647
  4.133192258903
  3.901837254437
  3.670482249971
  3.644487440992
  3.618492632013
  3.528070861220
  3.437649090427
  3.584411232927
  3.731173375428
  3.447990193165
  3.164807010902
  3.186519739082
  3.208232467262
  3.278087941182
  3.347943415102
  3.195862394409
  3.043781373715
  3.356073887611
  3.668366401507
  3.769870713715
  3.871375025923
  3.550124048982
  3.228873072040
  3.066872358240
  2.904871644439
  2.826127850672
  2.747384056904
  3.002226342942
  3.257068628981
  3.010242946931
  2.763417264881
  2.729595490993
  2.695773717105
  2.818445758385
  2.941117799664
  2.977848341087
  3.014578882510
  3.101473402981
  3.188367923452
  2.801473114351
  2.414578305250
  2.399202563079
  2.383826820908
  2.545019916343
  2.706213011778
  2.785614128601
  2.865015245424
  2.659348336736
  2.453681428048
  2.476288753036
  2.498896078024
  2.510427434327
  2.521958790629
  2.544148239804
  2.566337688979
  2.706336018437
  2.846334347896
  2.665339776279
  2.484345204662
  2.592547133107
  2.700749061552
  2.766249101567
  2.831749141582
  2.747066829302
  2.662384517023
  2.776330409035
  2.890276301048
  2.464974139125
  2.039671977202
  2.196337312255
  2.353002647307
  2.243373404722
  2.133744162137
  2.155460067640
  2.177175973143
  2.160276776228
  2.143377579313
  2.021771906457
  1.900166233600
  1.948493680634
  1.996821127668
  1.970057189424
  1.943293251181
  2.113897137115
  2.284501023050
  2.148016492457
  2.011531961864
  2.116673426365
  2.221814890866
  2.109096139927
  1.996377388987
  1.954021397323
  1.911665405659
  1.842225665991
  1.772785926324
  1.995979248541
  2.219172570757
  2.108751206196
  1.998329841634
  1.987456623583
  1.976583405531
  1.798375442699
  1.620167479867
  1.758596829582
  1.897026179297
  1.936015224096
  1.975004268894
  1.864652390660
  1.754300512426
  1.851916446835
  1.949532381243
  2.128762494417
  2.307992607591
  2.166146006224
  2.024299404856
  1.987382051382
  1.950464697908
  2.033019460536
  2.115574223165
  2.079489698623
  2.043405174080
  2.252370183058
  2.461335192036
  2.335648100783
  2.209961009531
  2.154267087120
  2.098573164709
  2.100908722854
  2.103244281000
  1.838112491996
  1.572980702992
  1.341459025551
  1.109937348110
  1.344237779986
  1.578538211862
  1.730123730040
  1.881709248218
  1.706954857060
  1.532200465903
  1.525201715928
  1.518202965953
  1.270843876212
  1.023484786470
  1.083275545467
  1.143066304465
  1.011108347685
  0.879150390905
  0.905812163510
  0.932473936116
  0.819445982158
  0.706418028200
  0.807422923538
  0.908427818877
  0.778645225733
  0.648862632589
  0.721805722087
  0.794748811586
  0.692364377305
  0.589979943023
  0.638952580837
  0.687925218650
  0.679750803059
  0.671576387467
  0.482117185205
  0.292657982944
  0.362962237078
  0.433266491213
  0.631945962038
  0.830625432864
  0.618084479652
  0.405543526441
  0.186607295706
 -0.032328935029
  0.210778008486
  0.453884952001
  0.304898208589
  0.155911465177
  0.189258257617
  0.222605050057
  0.133586255422
  0.044567460787
  0.145554598028
  0.246541735269
 -0.120309335352
 -0.487160405973
 -0.259639965502
 -0.032119525032
 -0.164111889985
 -0.296104254938
 -0.128527552993
  0.039049148951
 -0.065087595681
 -0.169224340313
 -0.104208436569
 -0.039192532824
  0.231220099239
  0.501632731302
  0.458505216290
  0.415377701278
  0.147591782195
 -0.120194136887
 -0.163585085440
 -0.206976033993
 -0.225298674606
 -0.243621315219
 -0.042202580683
  0.159216153852
  0.270975989668
  0.382735825485
  0.446296473052
  0.509857120620
  0.612394827390
  0.714932534160
  0.735591250722
  0.756249967283
  0.725902172059
  0.695554376836
  0.664094200871
  0.632634024907
  0.522161538489
  0.411689052071
  0.454327290379
  0.496965528687
  0.642546659457
  0.788127790227
  0.645134515246
  0.502141240265
  0.689644952351
  0.877148664436
  1.023125343743
  1.169102023050
  1.274909334504
  1.380716645958
  1.173668685349
  0.966620724741
  1.214356963127
  1.462093201513
  1.452801942605
  1.443510683696
  1.469145016194
  1.494779348692
  1.326716067315
  1.158652785938
  1.365257436736
  1.571862087534
  1.567524333330
  1.563186579126
  1.362280238653
  1.161373898180
  1.134885136667
  1.108396375154
  1.163573328698
  1.218750282242
  1.343220640234
  1.467690998226
  1.304001434941
  1.140311871656
  1.154761973450
  1.169212075243
  1.244837296479
  1.320462517715
  1.239353340840
  1.158244163965
  1.088924704322
  1.019605244679
  1.297104427624
  1.574603610568
  1.621977552340
  1.669351494113
  1.597170027420
  1.524988560726
  1.394813094886
  1.264637629045
  1.315153559491
  1.365669489937
  1.582665501319
  1.799661512701
  1.647978130428
  1.496294748154
  1.589860252704
  1.683425757254
  1.642880422358
  1.602335087462
  1.733422786547
  1.864510485631
  1.896552847662
  1.928595209692
  1.834999830846
  1.741404452000
  1.788980645493
  1.836556838985
  1.830982441316
  1.825408043648
  2.276593045673
  2.727778047698
  2.571660209486
  2.415542371273
  2.361503175135
  2.307463978997
  2.181613255260
  2.055762531524
  2.124086076834
  2.192409622144
  2.152886818544
  2.113364014944
  2.527431387558
  2.941498760173
  2.850364929829
  2.759231099485
  2.906393113781
  3.053555128077
  2.969921968867
  2.886288809657
  2.777164972276
  2.668041134895
  2.890432752667
  3.112824370439
  2.906483534267
  2.700142698096
  2.751132697563
  2.802122697030
  2.641751651148
  2.481380605265
  2.374372368836
  2.267364132408
  2.318623248724
  2.369882365041
  2.467134049691
  2.564385734340
  2.403124023603
  2.241862312866
  2.300862557605
  2.359862802344
  2.212222597583
  2.064582392823
  1.968534786347
  1.872487179871
  1.769696386195
  1.666905592518
  1.607884266451
  1.548862940384
  1.801048180391
  2.053233420398
  1.786474033544
  1.519714646689
  1.499003309317
  1.478291971946
  1.715268926537
  1.952245881129
  1.817069019026
  1.681892156923
  1.492176644920
  1.302461132917
  1.428441984389
  1.554422835862
  1.811536550196
  2.068650264529
  2.122765376975
  2.176880489420
  2.097190389598
  2.017500289777
  1.751042218998
  1.484584148218
  1.571956258837
  1.659328369456
  1.632308965019
  1.605289560582
  1.538068825383
  1.470848090184
  1.338662656958
  1.206477223732
  1.269075756937
  1.331674290142
  1.169530861278
  1.007387432415
  0.997002505288
  0.986617578160
  1.059298029303
  1.131978480447
  0.989145899890
  0.846313319334
  0.992909552564
  1.139505785794
  0.977774564886
  0.816043343977
  0.992962425700
  1.169881507422
  1.318632406470
  1.467383305518
  1.236303966199
  1.005224626881
  1.087757608666
  1.170290590451
  1.205958871318
  1.241627152184
  1.559172310766
  1.876717469347
  1.715886904246
  1.555056339144
  1.553666932030
  1.552277524917
  1.418968584092
  1.285659643266
  1.350401543373
  1.415143443480
  1.689626166603
  1.964108889726
  1.678830151969
  1.393551414213
  1.599142373452
  1.804733332691
  1.796587050151
  1.788440767611
  1.823540802536
  1.858640837462
  1.872561955422
  1.886483073382
  1.722244667798
  1.558006262214
  1.496465103756
  1.434923945298
  1.493145432184
  1.551366919069
  1.519434362685
  1.487501806301
  1.495399065777
  1.503296325254
  1.560021051523
  1.616745777793
  1.640428198777
  1.664110619762
  1.575477681498
  1.486844743235
  1.550010012018
  1.613175280801
  1.663691265296
  1.714207249790
  1.631785986535
  1.549364723280
  1.888190173300
  2.227015623319
  2.150024852508
  2.073034081698
  2.191588250884
  2.310142420071
  2.577131796261
  2.844121172452
  2.527344193493
  2.210567214535
  2.159686240271
  2.108805266007
  2.175704278931
  2.242603291855
  2.096280481298
  1.949957670741
  2.083358360740
  2.216759050738
  2.228064622417
  2.239370194095
  2.254980508506
  2.270590822917
  2.366421707711
  2.462252592505
  2.533941418769
  2.605630245032
  2.560836268905
  2.516042292778
  2.627972165774
  2.739902038769
  2.683353338511
  2.626804638253
  2.575835591059
  2.524866543864
  2.504220985176
  2.483575426487
  2.620701782725
  2.757828138963
  2.737430854574
  2.717033570186
  2.665988679407
  2.614943788629
  2.511801780380
  2.408659772130
  2.666638046072
  2.924616320013
  2.864875009135
  2.805133698258
  2.594811001979
  2.384488305701
  2.116620707621
  1.848753109542
  2.067518516401
  2.286283923260
  2.215906548993
  2.145529174726
  2.338827542884
  2.532125911043
  2.311571498943
  2.091017086843
  2.107199845394
  2.123382603946
  2.314584529462
  2.505786454979
  2.299217952378
  2.092649449778
  2.300378700713
  2.508107951647
  2.719390984133
  2.930674016619
  2.698213496604
  2.465752976589
  2.475408777936
  2.485064579283
  2.433446221853
  2.381827864423
  2.469887135743
  2.557946407064
  2.469739908133
  2.381533409203
  2.296499915271
  2.211466421338
  2.292616865430
  2.373767309522
  2.181708617427
  1.989649925333
  2.372644949062
  2.755639972790
  2.570821615268
  2.386003257747
  2.663760516641
  2.941517775535
  2.588109873323
  2.234701971112
  2.355163943303
  2.475625915495
  2.286047855578
  2.096469795662
  2.019225914268
  1.941982032875
  1.781191823166
  1.620401613457
  1.625390703750
  1.630379794044
  1.773519219568
  1.916658645093
  1.995068225181
  2.073477805268
  1.889490010682
  1.705502216097
  1.807101157039
  1.908700097980
  1.837777687836
  1.766855277693
  1.701600468016
  1.636345658340
  1.541526638067
  1.446707617795
  1.507840211811
  1.568972805827
  1.641260154771
  1.713547503715
  1.516423149498
  1.319298795282
  1.517431342653
  1.715563890024
  1.622761104459
  1.529958318895
  1.312632795602
  1.095307272309
  1.330429036802
  1.565550801296
  1.505199791761
  1.444848782225
  1.341464716943
  1.238080651662
  1.272209781704
  1.306338911747
  1.272701059987
  1.239063208227
  1.192762877792
  1.146462547356
  1.388113463910
  1.629764380464
  1.617179560038
  1.604594739611
  1.622726753644
  1.640858767678
  1.602651818918
  1.564444870157
  1.771134764992
  1.977824659826
  1.852884327849
  1.727943995872
  1.739544407423
  1.751144818974
  1.795740700818
  1.840336582661
  1.949848245193
  2.059359907724
  2.217983267753
  2.376606627781
  2.313913933738
  2.251221239695
  1.974257434483
  1.697293629271
  1.788510369610
  1.879727109948
  1.900419143564
  1.921111177179
  2.082291842821
  2.243472508463
  2.452599061279
  2.661725614096
  2.650043378284
  2.638361142473
  2.482447948629
  2.326534754784
  2.217950767635
  2.109366780485
  1.849063037630
  1.588759294775
  1.772653833080
  1.956548371384
  1.932148303815
  1.907748236245
  2.078247205026
  2.248746173806
  1.925953426487
  1.603160679168
  1.755524909866
  1.907889140563
  1.769791328580
  1.631693516596
  1.833893802510
  2.036094088423
  2.061851811612
  2.087609534800
  1.969194312882
  1.850779090964
  1.737326375514
  1.623873660064
  1.793381000570
  1.962888341075
  1.953827368662
  1.944766396250
  1.862227996088
  1.779689595926
  1.614984018701
  1.450278441475
  1.657201434702
  1.864124427929
  2.039461972344
  2.214799516758
  1.968136350048
  1.721473183338
  1.834013970870
  1.946554758401
  1.829853956686
  1.713153154970
  1.680366531811
  1.647579908652
  1.565613575561
  1.483647242470
  1.545302764939
  1.606958287408
  1.430876029431
  1.254793771454
  1.198139989603
  1.141486207752
  1.200214976130
  1.258943744508
  1.104514605397
  0.950085466286
  1.119291845277
  1.288498224268
  1.167582889378
  1.046667554488
  1.180944274593
  1.315220994697
  1.324314561844
  1.333408128991
  1.469522164798
  1.605636200604
  1.740042857919
  1.874449515235
  1.715621888146
  1.556794261056
  1.484787766495
  1.412781271933
  1.313096168380
  1.213411064828
  1.355502517599
  1.497593970371
  1.411361593228
  1.325129216085
  1.442057243533
  1.558985270981
  1.498373651607
  1.437762032232
  1.717228018325
  1.996694004417
  1.842134610403
  1.687575216388
  1.589728204490
  1.491881192592
  1.403623608821
  1.315366025050
  1.449700783374
  1.584035541698
  1.404883340521
  1.225731139343
  1.454541093168
  1.683351046993
  1.797994853198
  1.912638659402
  1.992861549412
  2.073084439421
  1.843364239642
  1.613644039863
  1.547261766171
  1.480879492478
  1.703969952210
  1.927060411941
  1.780408051290
  1.633755690639
  1.662604246046
  1.691452801453
  1.891529727019
  2.091606652584
  1.853835444227
  1.616064235870
  1.443046016685
  1.270027797500
  1.449297088837
  1.628566380173
  1.567330527073
  1.506094673972
  1.334117457578
  1.162140241184
  1.367089400728
  1.572038560272
  1.243495077863
  0.914951595454
  1.078080916761
  1.241210238068
  1.008313507934
  0.775416777800
  1.000012202500
  1.224607627200
  1.142759376289
  1.060911125377
  1.052353410041
  1.043795694706
  0.939575780314
  0.835355865922
  0.844485064825
  0.853614263727
  0.878398626973
  0.903182990219
  0.907646068076
  0.912109145933
  1.033781822685
  1.155454499437
  1.252777122514
  1.350099745590
  1.484696507709
  1.619293269828
  1.768318181133
  1.917343092438
  1.619084480892
  1.320825869345
  1.296299165910
  1.271772462475
  1.536468759193
  1.801165055911
  1.548040690839
  1.294916325767
  1.272146390115
  1.249376454463
  1.193136647814
  1.136896841164
  1.099535553875
  1.062174266587
  0.741391306608
  0.420608346630
  0.643561532646
  0.866514718663
  0.639040423862
  0.411566129061
  0.537716346415
  0.663866563769
  0.545451359827
  0.427036155884
  0.580118755034
  0.733201354183
  0.809949489257
  0.886697624330
  0.709567541045
  0.532437457761
  0.482103487388
  0.431769517016
  0.577448592934
  0.723127668851
  0.483896951689
  0.244666234528
  0.227261751504
  0.209857268481
  0.211591695384
  0.213326122288
  0.202872216088
  0.192418309888
  0.370618386158
  0.548818462428
  0.588194658358
  0.627570854288
  0.685874660060
  0.744178465832
  0.774013408618
  0.803848351405
  0.668833665701
  0.533818979998
  0.473085336004
  0.412351692011
  0.389247351849
  0.366143011687
  0.584158933853
  0.802174856019
  0.590500433059
  0.378826010099
  0.495192842569
  0.611559675039
  0.659837017801
  0.708114360564
  0.498351266054
  0.288588171544
  0.507420036576
  0.726251901607
  0.788554067099
  0.850856232590
  1.197640406228
  1.544424579865
  1.426924317107
  1.309424054348
  1.318436266160
  1.327448477972
  1.504399244974
  1.681350011976
  1.500235111163
  1.319120210351
  1.218302449447
  1.117484688544
  0.929184805567
  0.740884922590
  0.880407116281
  1.019929309972
  1.182991106448
  1.346052902924
  1.480147681071
  1.614242459218
  1.676296943271
  1.738351427324
  1.490184036835
  1.242016646346
  1.557497542539
  1.872978438732
  1.660701797809
  1.448425156887
  1.527908568205
  1.607391979523
  1.672326054995
  1.737260130467
  1.665095801738
  1.592931473008
  1.656987298762
  1.721043124516
  1.652294445016
  1.583545765516
  1.662021269861
  1.740496774207
  1.766035791451
  1.791574808695
  1.582801583990
  1.374028359285
  1.555683793539
  1.737339227793
  1.784499498966
  1.831659770139
  1.805174160517
  1.778688550895
  2.019349443382
  2.260010335868
  2.237530092605
  2.215049849342
  2.029904780867
  1.844759712392
  1.824691071655
  1.804622430918
  1.765427620475
  1.726232810032
  1.820094003695
  1.913955197359
  1.921957350323
  1.929959503286
  1.929715643778
  1.929471784269
  1.920244504995
  1.911017225722
  2.025341660643
  2.139666095564
  2.081871447412
  2.024076799260
  2.112780421042
  2.201484042825
  2.113696894332
  2.025909745839
  2.225816292390
  2.425722838940
  2.177653074480
  1.929583310019
  2.089579108851
  2.249574907682
  2.289817179140
  2.330059450597
  2.243093987203
  2.156128523810
  2.267771488870
  2.379414453931
  2.425271391680
  2.471128329428
  2.337083449157
  2.203038568885
  2.094395355562
  1.985752142240
  2.096776154404
  2.207800166568
  2.276037120215
  2.344274073861
  2.255891201897
  2.167508329933
  2.200844055517
  2.234179781102
  2.412581027641
  2.590982274180
  2.275239034526
  1.959495794872
  2.225444816489
  2.491393838106
  2.536678200213
  2.581962562320
  2.508063419129
  2.434164275938
  2.434720957508
  2.435277639078
  2.568286888928
  2.701296138779
  2.778762975828
  2.856229812877
  2.792549850007
  2.728869887136
  2.541394141673
  2.353918396210
  2.575008413745
  2.796098431279
  2.712704570934
  2.629310710588
  2.542129982427
  2.454949254267
  2.283232091413
  2.111514928560
  2.085271588825
  2.059028249090
  2.191200803211
  2.323373357332
  2.272099930564
  2.220826503796
  2.512796289270
  2.804766074744
  2.522635969477
  2.240505864209
  2.448632735995
  2.656759607780
  2.479883347980
  2.303007088179
  2.254984436244
  2.206961784309
  2.034898612517
  1.862835440725
  1.965329754042
  2.067824067359
  2.078024768397
  2.088225469435
  2.019825185152
  1.951424900869
  1.975549385927
  1.999673870986
  2.141369134095
  2.283064397204
  2.175505196290
  2.067945995376
  1.950441433461
  1.832936871547
  1.822291160805
  1.811645450063
  1.886845358498
  1.962045266934
  1.800004083499
  1.637962900064
  1.822998586949
  2.008034273834
  1.957982219768
  1.907930165702
  1.966854305110
  2.025778444517
  1.989929526167
  1.954080607817
  1.909976381315
  1.865872154813
  2.015692348230
  2.165512541647
  2.252764704549
  2.340016867452
  2.338636042354
  2.337255217256
  2.374948130494
  2.412641043732
  2.212111946439
  2.011582849147
  1.723468694232
  1.435354539316
  1.499306373681
  1.563258208046
  1.759405748818
  1.955553289591
  1.946554950012
  1.937556610433
  1.944172145812
  1.950787681191
  1.869374197746
  1.787960714300
  1.659845239183
  1.531729764065
  1.849656844730
  2.167583925395
  1.801996066533
  1.436408207672
  1.476689729666
  1.516971251660
  1.480700015165
  1.444428778669
  1.469517554295
  1.494606329920
  1.666155489746
  1.837704649572
  1.814456227617
  1.791207805662
  1.781697012941
  1.772186220219
  1.730608759948
  1.689031299678
  1.499991240835
  1.310951181993
  1.236866693476
  1.162782204958
  0.859423263753
  0.556064322548
  0.427271641114
  0.298478959681
  0.325537571278
  0.352596182875
  0.428567236634
  0.504538290394
  0.757497510631
  1.010456730869
  0.948299487247
  0.886142243624
  0.920898776564
  0.955655309504
  0.978410725750
  1.001166141995
  1.024463521973
  1.047760901952
  0.833360514046
  0.618960126141
  0.676705393848
  0.734450661555
  0.932398324461
  1.130345987366
  1.009822869583
  0.889299751799
  0.964030823616
  1.038761895434
  1.046969801124
  1.055177706814
  1.105126592812
  1.155075478809
  1.420256803777
  1.685438128745
  1.571858205397
  1.458278282050
  1.542007721528
  1.625737161007
  1.667597141382
  1.709457121757
  1.544853753121
  1.380250384485
  1.498885904265
  1.617521424045
  1.556736836070
  1.495952248095
  1.607896053020
  1.719839857944
  1.444525807210
  1.169211756476
  1.321118333689
  1.473024910901
  1.521410144659
  1.569795378416
  1.515066020342
  1.460336662269
  1.341151936183
  1.221967210098
  1.292624773865
  1.363282337632
  1.570682754807
  1.778083171981
  1.625411315944
  1.472739459907
  1.653815867848
  1.834892275789
  1.816601030000
  1.798309784211
  1.749061044427
  1.699812304644
  1.745658016815
  1.791503728986
  1.897090475518
  2.002677222050
  1.880847027344
  1.759016832637
  1.578325742390
  1.397634652143
  1.331160496322
  1.264686340501
  1.368445307283
  1.472204274064
  1.519233043414
  1.566261812764
  1.663189947498
  1.760118082233
  1.924823918675
  2.089529755117
  1.997168059191
  1.904806363264
  1.812509560580
  1.720212757897
  1.779425705105
  1.838638652314
  2.103777963427
  2.368917274539
  2.105590789196
  1.842264303853
  2.199794628674
  2.557324953496
  2.550351132491
  2.543377311487
  2.696638554794
  2.849899798102
  2.696726075916
  2.543552353730
  2.633323249278
  2.723094144826
  2.453818786581
  2.184543428335
  2.215914189644
  2.247284950954
  2.187960207249
  2.128635463544
  2.347758134107
  2.566880804670
  2.652448868159
  2.738016931649
  2.683807147174
  2.629597362698
  2.759996131358
  2.890394900017
  2.830523709013
  2.770652518008
  2.597312961823
  2.423973405638
  2.621393920247
  2.818814434855
  2.590289104198
  2.361763773541
  2.481698390912
  2.601633008284
  2.660430573183
  2.719228138082
  2.765112303510
  2.810996468937
  3.075140021519
  3.339283574102
  3.215060948071
  3.090838322041
  3.249637296414
  3.408436270787
  3.285371454967
  3.162306639147
  2.900699798391
  2.639092957634
  2.499624859163
  2.360156760692
  2.512580932382
  2.665005104072
  2.643238010606
  2.621470917140
  2.685808301416
  2.750145685693
  2.943988177682
  3.137830669672
  2.978393944433
  2.818957219195
  2.900991877533
  2.983026535871
  3.178126242880
  3.373225949889
  3.469649980614
  3.566074011340
  3.599855724020
  3.633637436701
  3.543799629206
  3.453961821711
  3.100564884014
  2.747167946317
  2.705340684981
  2.663513423644
  2.652450863111
  2.641388302578
  2.727724958192
  2.814061613807
  2.961280643190
  3.108499672572
  3.341463111830
  3.574426551089
  3.375240001448
  3.176053451807
  3.258774089235
  3.341494726663
  3.120336746225
  2.899178765788
  3.141965987357
  3.384753208927
  3.270621865506
  3.156490522085
  3.108069627863
  3.059648733641
  3.223721203285
  3.387793672929
  3.520261678339
  3.652729683750
  3.710656227297
  3.768582770844
  3.798973952931
  3.829365135018
  3.712616295995
  3.595867456973
  3.673683875635
  3.751500294296
  3.636379870002
  3.521259445707
  3.779114038626
  4.036968631545
  3.950682600503
  3.864396569460
  3.796776593926
  3.729156618393
  3.617878216773
  3.506599815154
  3.751162269002
  3.995724722850
  3.899106536191
  3.802488349533
  3.955194282708
  4.107900215882
  4.007838142940
  3.907776069997
  3.863497531195
  3.819218992393
  3.655820755058
  3.492422517723
  3.449051598770
  3.405680679818
  3.129420075241
  2.853159470663
  3.038851682461
  3.224543894259
  2.920319226705
  2.616094559152
  2.657176501612
  2.698258444072
  2.788536305138
  2.878814166203
  2.752475557755
  2.626136949307
  2.552678527723
  2.479220106139
  2.467079853625
  2.454939601111
  2.474758966536
  2.494578331960
  2.744775703700
  2.994973075440
  2.599642007396
  2.204310939353
  2.255441257879
  2.306571576406
  2.139270630215
  1.971969684024
  2.094100240647
  2.216230797270
  2.120007424079
  2.023784050887
  1.766392780380
  1.509001509872
  1.539839330234
  1.570677150597
  1.565527612849
  1.560378075101
  1.688932923973
  1.817487772845
  1.776494391588
  1.735501010331
  1.945844264848
  2.156187519364
  2.088130941726
  2.020074364087
  1.722264283744
  1.424454203401
  1.585000993714
  1.745547784027
  1.468220620845
  1.190893457663
  1.305451044607
  1.420008631552
  1.530701523476
  1.641394415401
  1.430413309915
  1.219432204429
  1.201885901641
  1.184339598853
  1.366369842229
  1.548400085605
  1.585047684053
  1.621695282502
  1.465804776396
  1.309914270289
  1.584158016494
  1.858401762698
  1.753436031844
  1.648470300990
  1.803486148612
  1.958501996234
  1.629907140424
  1.301312284614
  1.391364312548
  1.481416340482
  1.447735982482
  1.414055624482
  1.354978427291
  1.295901230099
  1.193056160980
  1.090211091860
  1.211594172600
  1.332977253340
  1.452181477310
  1.571385701280
  1.531571964781
  1.491758228282
  1.619574638078
  1.747391047874
  1.875100774214
  2.002810500553
  1.867797985369
  1.732785470185
  1.581832485343
  1.430879500502
  1.501641978503
  1.572404456504
  1.495249419981
  1.418094383457
  1.668564651537
  1.919034919617
  1.935663370355
  1.952291821092
  1.756633288200
  1.560974755308
  1.383768322691
  1.206561890074
  1.435264363375
  1.663966836675
  1.593742035013
  1.523517233350
  1.399939673619
  1.276362113888
  1.218579536509
  1.160796959130
  1.239568756017
  1.318340552904
  1.610326282398
  1.902312011892
  1.824068724055
  1.745825436217
  1.902596665819
  2.059367895421
  1.890412127017
  1.721456358614
  1.879368868188
  2.037281377763
  1.845663032142
  1.654044686520
  1.692675493457
  1.731306300394
  1.843234950281
  1.955163600167
  2.130534177726
  2.305904755284
  2.273253634202
  2.240602513120
  2.549883029774
  2.859163546428
  2.805679248013
  2.752194949598
  2.641830658821
  2.531466368043
  2.604525238172
  2.677584108302
  2.666659853303
  2.655735598304
  2.686765769507
  2.717795940709
  2.598120897477
  2.478445854245
  2.694338024434
  2.910230194622
  2.874872885076
  2.839515575530
  2.917835649798
  2.996155724067
  3.068247015007
  3.140338305947
  3.052248453225
  2.964158600504
  2.821998281123
  2.679837961742
  2.812178108787
  2.944518255832
  3.156418257768
  3.368318259703
  3.340621574577
  3.312924889450
  3.497591531358
  3.682258173265
  3.550091570748
  3.417924968231
  3.164725607127
  2.911526246024
  3.074591113342
  3.237655980661
  3.285333123443
  3.333010266224
  3.225478366996
  3.117946467768
  3.018168626589
  2.918390785410
  2.881236467471
  2.844082149533
  3.033975438228
  3.223868726923
  3.040056287071
  2.856243847218
  2.837409629650
  2.818575412082
  2.804147762014
  2.789720111947
  2.741042121642
  2.692364131338
  2.512192956849
  2.332021782360
  2.206406404013
  2.080791025666
  1.876798569265
  1.672806112864
  1.829519317110
  1.986232521357
  1.956538521834
  1.926844522311
  1.723763921645
  1.520683320980
  1.629957599391
  1.739231877802
  1.576739810670
  1.414247743538
  1.516087151635
  1.617926559731
  1.731721562847
  1.845516565962
  1.859377113301
  1.873237660639
  1.795939717732
  1.718641774826
  1.590610844345
  1.462579913864
  1.356270863922
  1.249961813979
  1.041179513664
  0.832397213349
  0.774191100683
  0.715984988018
  0.766196715325
  0.816408442633
  1.114386449636
  1.412364456639
  1.127206355902
  0.842048255164
  0.867684903003
  0.893321550842
  0.842068369142
  0.790815187442
  0.726812735846
  0.662810284251
  0.435915116323
  0.209019948395
  0.346749278667
  0.484478608940
  0.507063281079
  0.529647953218
  0.669802485272
  0.809957017327
  0.572947665777
  0.335938314227
  0.553889709841
  0.771841105455
  0.911484168368
  1.051127231280
  0.830153692146
  0.609180153011
  0.799187684303
  0.989195215595
  0.863444544688
  0.737693873780
  0.806670444664
  0.875647015547
  1.016858813411
  1.158070611274
  1.100404667276
  1.042738723277
  1.265551297583
  1.488363871890
  1.543927459990
  1.599491048091
  1.547982404948
  1.496473761805
  1.516219373894
  1.535964985983
  1.603713252009
  1.671461518036
  1.715981865515
  1.760502212995
  1.635394663227
  1.510287113458
  1.715594777600
  1.920902441741
  1.843533136267
  1.766163830794
  1.948291400655
  2.130418970516
  2.236579096350
  2.342739222184
  2.267958506031
  2.193177789879
  2.188823066828
  2.184468343778
  2.099042362166
  2.013616380553
  2.079089949340
  2.144563518128
  2.290831990815
  2.437100463503
  2.423040487998
  2.408980512493
  2.155116372297
  1.901252232101
  2.213992887266
  2.526733542431
  2.514185290609
  2.501637038787
  2.433889068931
  2.366141099075
  2.310629629986
  2.255118160896
  2.359353105350
  2.463588049804
  2.511446512289
  2.559304974775
  2.342140650335
  2.124976325894
  2.267444659474
  2.409912993053
  2.424092280813
  2.438271568573
  2.416191891927
  2.394112215281
  2.560192095987
  2.726271976693
  2.573454275679
  2.420636574664
  2.355173570069
  2.289710565474
  2.383384905086
  2.477059244699
  2.045689804305
  1.614320363911
  1.716222352683
  1.818124341455
  1.804811358070
  1.791498374685
  1.946037560418
  2.100576746150
  1.893835715009
  1.687094683869
  1.682503460150
  1.677912236431
  2.019161998868
  2.360411761304
  2.158327315464
  1.956242869625
  2.221148788716
  2.486054707807
  2.440839139421
  2.395623571035
  2.191130215228
  1.986636859420
  2.117121356675
  2.247605853931
  2.190721601728
  2.133837349525
  2.005372492889
  1.876907636253
  1.797424822292
  1.717942008331
  1.752364581316
  1.786787154300
  1.669804755358
  1.552822356416
  1.586570448586
  1.620318540756
  1.591546493253
  1.562774445751
  1.550076517178
  1.537378588605
  1.698645171850
  1.859911755094
  1.874171570930
  1.888431386767
  1.669371741380
  1.450312095994
  1.547478655133
  1.644645214271
  1.701611450968
  1.758577687665
  1.742236411879
  1.725895136094
  1.535315928654
  1.344736721213
  1.305371415341
  1.266006109468
  1.406623763597
  1.547241417725
  1.436625519938
  1.326009622151
  1.219398835863
  1.112788049576
  1.112493722157
  1.112199394738
  1.274642511711
  1.437085628684
  1.277141520717
  1.117197412750
  1.087245329672
  1.057293246595
  1.059163942825
  1.061034639054
  1.023300207285
  0.985565775516
  1.164457885933
  1.343349996351
  1.404953003724
  1.466556011098
  1.377617957995
  1.288679904891
  1.222688499097
  1.156697093303
  1.018665682853
  0.880634272403
  1.046282851871
  1.211931431339
  1.187757934892
  1.163584438445
  1.299983946545
  1.436383454644
  1.654417087480
  1.872450720317
  1.495060623889
  1.117670527462
  1.150654040802
  1.183637554142
  1.150451658793
  1.117265763443
  1.153562746095
  1.189859728747
  0.981321671847
  0.772783614947
  0.988318349691
  1.203853084435
  1.159653330823
  1.115453577211
  1.088572617988
  1.061691658765
  1.021440784661
  0.981189910557
  1.192109800166
  1.403029689775
  1.478064249276
  1.553098808776
  1.518072589129
  1.483046369482
  1.617417682631
  1.751788995779
  1.513174416082
  1.274559836385
  1.314056537100
  1.353553237816
  1.329744111405
  1.305934984994
  1.124867713589
  0.943800442184
  0.914003788690
  0.884207135195
  0.947428298212
  1.010649461229
  1.142142842602
  1.273636223976
  1.330801517056
  1.387966810137
  1.421122835268
  1.454278860399
  1.519439525535
  1.584600190670
  1.833897105459
  2.083194020247
  2.025358579614
  1.967523138981
  1.954743339382
  1.941963539782
  1.896827365013
  1.851691190244
  1.701191090257
  1.550690990271
  1.629981920005
  1.709272849740
  1.450761010549
  1.192249171357
  1.260550410732
  1.328851650106
  1.289688619607
  1.250525589107
  1.254042514241
  1.257559439375
  1.153571149549
  1.049582859723
  1.091280035810
  1.132977211897
  1.127725684584
  1.122474157271
  1.060734353082
  0.998994548892
  0.879196966340
  0.759399383788
  0.830562081456
  0.901724779125
  0.977795789988
  1.053866800851
  1.026516171609
  0.999165542367
  1.181166324641
  1.363167106914
  1.389572948374
  1.415978789834
  1.170327211262
  0.924675632690
  1.244560400468
  1.564445168245
  1.487723183686
  1.411001199127
  1.222854723530
  1.034708247933
  1.024940910608
  1.015173573283
  0.953328439707
  0.891483306131
  0.968196840258
  1.044910374385
  0.838004302289
  0.631098230194
  0.654225460788
  0.677352691382
  0.903033292819
  1.128713894256
  1.094904054900
  1.061094215544
  0.914154642520
  0.767215069496
  0.881775722634
  0.996336375772
  1.012422679433
  1.028508983095
  0.895910590663
  0.763312198230
  0.699703952893
  0.636095707556
  0.731069408710
  0.826043109864
  0.857990487592
  0.889937865321
  1.113408958541
  1.336880051760
  1.217010773719
  1.097141495679
  0.962738011159
  0.828334526639
  0.920844200984
  1.013353875328
  1.163431080472
  1.313508285616
  1.415366448251
  1.517224610886
  1.579100517052
  1.640976423218
  1.446184988000
  1.251393552782
  1.206533075573
  1.161672598365
  1.147532584292
  1.133392570220
  1.097684903250
  1.061977236280
  1.264318272180
  1.466659308079
  1.321615781890
  1.176572255701
  0.974190632512
  0.771809009322
  0.972634381940
  1.173459754557
  1.110634660401
  1.047809566245
  1.281611535007
  1.515413503770
  1.326603984263
  1.137794464756
  1.161686886406
  1.185579308057
  1.408897762886
  1.632216217716
  1.287884628050
  0.943553038383
  0.740484265946
  0.537415493510
  0.559717603213
  0.582019712917
  0.893525382637
  1.205031052356
  1.058898785996
  0.912766519636
  0.687101625499
  0.461436731363
  0.365282407289
  0.269128083216
  0.381817437834
  0.494506792452
  0.392732529878
  0.290958267304
  0.514919369333
  0.738880471362
  0.444124979809
  0.149369488256
  0.400939494093
  0.652509499929
  0.621039061538
  0.589568623147
  0.492855814443
  0.396143005739
  0.296579504467
  0.197016003195
  0.098248269170
 -0.000519464856
  0.215767556307
  0.432054577471
  0.576811805345
  0.721569033219
  0.727553967944
  0.733538902668
  0.723487042861
  0.713435183054
  0.730448222083
  0.747461261113
  0.975797762568
  1.204134264022
  1.258913406941
  1.313692549859
  1.227973598887
  1.142254647915
  1.039856983453
  0.937459318991
  0.630048278832
  0.322637238673
  0.411157864453
  0.499678490233
  0.656606656096
  0.813534821959
  0.962306940918
  1.111079059877
  1.086417900108
  1.061756740339
  0.904762579859
  0.747768419380
  0.701641086268
  0.655513753156
  0.919553150406
  1.183592547655
  1.008234514174
  0.832876480693
  0.881127417873
  0.929378355053
  1.016214879748
  1.103051404443
  1.258137810130
  1.413224215816
  1.438709357187
  1.464194498558
  1.302979285918
  1.141764073278
  0.818908709665
  0.496053346053
  0.640884870686
  0.785716395319
  0.830195501648
  0.874674607977
  0.884057232528
  0.893439857079
  1.022059959974
  1.150680062868
  1.154263696247
  1.157847329625
  1.216904276286
  1.275961222947
  1.336984884090
  1.398008545234
  1.366400985544
  1.334793425855
  1.276442646669
  1.218091867483
  1.250699065473
  1.283306263463
  1.114049057086
  0.944791850708
  1.077168440126
  1.209545029543
  1.265477606720
  1.321410183897
  1.634007258624
  1.946604333351
  1.618235769012
  1.289867204673
  1.159775725724
  1.029684246776
  0.911872530874
  0.794060814973
  0.914637768617
  1.035214722262
  1.083263868932
  1.131313015602
  1.203465150874
  1.275617286146
  1.399859678181
  1.524102070216
  1.654088711873
  1.784075353529
  1.821480523690
  1.858885693851
  1.809335343235
  1.759784992619
  1.593665786453
  1.427546580288
  1.392339116765
  1.357131653241
  1.438370547890
  1.519609442539
  1.672665043805
  1.825720645071
  1.888728314974
  1.951735984877
  1.950027028073
  1.948318071270
  2.062986732906
  2.177655394542
  1.937962293325
  1.698269192107
  2.050568119679
  2.402867047251
  2.373178108710
  2.343489170170
  2.158737214183
  1.973985258196
  1.814269739272
  1.654554220347
  1.608070301175
  1.561586382002
  1.855735305933
  2.149884229863
  2.261520411014
  2.373156592165
  2.404878724253
  2.436600856341
  2.606904175214
  2.777207494087
  2.682643499461
  2.588079504836
  2.567190377791
  2.546301250746
  2.407391731998
  2.268482213249
  2.339326391193
  2.410170569137
  2.247691475360
  2.085212381583
  2.360907516762
  2.636602651941
  2.511557321139
  2.386511990337
  2.472986926600
  2.559461862862
  2.610974918308
  2.662487973754
  2.456503608987
  2.250519244220
  2.353369889733
  2.456220535245
  2.495910052921
  2.535599570597
  2.440732226357
  2.345864882117
  2.517666809839
  2.689468737560
  2.774921498388
  2.860374259216
  2.576268003134
  2.292161747052
  2.348517959245
  2.404874171439
  2.247544356700
  2.090214541961
  2.012434111240
  1.934653680520
  1.861764531042
  1.788875381564
  1.841343686260
  1.893811990956
  1.800518693008
  1.707225395061
  1.954846884386
  2.202468373710
  2.143283960657
  2.084099547604
  1.898678902287
  1.713258256969
  1.927823826213
  2.142389395457
  1.914435716732
  1.686482038007
  1.831504665089
  1.976527292171
  1.910713656158
  1.844900020144
  1.755659343044
  1.666418665944
  1.686008377087
  1.705598088230
  1.713319383413
  1.721040678596
  1.462482284273
  1.203923889950
  1.338483470178
  1.473043050405
  1.421801322776
  1.370559595146
  1.113142595669
  0.855725596191
  1.012693198316
  1.169660800441
  1.016692567683
  0.863724334924
  1.145334954966
  1.426945575009
  1.274834028735
  1.122722482460
  1.131659120527
  1.140595758593
  1.178794120460
  1.216992482328
  1.436330228345
  1.655667974362
  1.449320741491
  1.242973508620
  1.405415054366
  1.567856600113
  1.468748385227
  1.369640170342
  1.334314994005
  1.298989817668
  1.290953468707
  1.282917119746
  1.482428590041
  1.681940060336
  1.558340699794
  1.434741339251
  1.593310071580
  1.751878803910
  1.781043905325
  1.810209006741
  1.811792508633
  1.813376010525
  1.813903240395
  1.814430470265
  1.931101328789
  2.047772187314
  2.031191690883
  2.014611194453
  1.999007012179
  1.983402829905
  2.035254752717
  2.087106675528
  1.948958598803
  1.810810522078
  2.045382484089
  2.279954446101
  2.612169986244
  2.944385526387
  2.790905831640
  2.637426136892
  2.550408407786
  2.463390678680
  2.378281432315
  2.293172185951
  2.140641373983
  1.988110562016
  2.096135838064
  2.204161114113
  2.100222415594
  1.996283717074
  2.106000699454
  2.215717681834
  2.190866862017
  2.166016042201
  2.416398677629
  2.666781313058
  2.788793244668
  2.910805176277
  2.799213935866
  2.687622695454
  2.701250578511
  2.714878461568
  2.919123265264
  3.123368068960
  2.891210287883
  2.659052506807
  2.677512256622
  2.695972006438
  2.676332898342
  2.656693790247
  2.732254505993
  2.807815221739
  2.703657768756
  2.599500315772
  2.731902010185
  2.864303704598
  2.751444767941
  2.638585831285
  2.657003757596
  2.675421683908
  2.592469234683
  2.509516785458
  2.640478423345
  2.771440061232
  2.944592824542
  3.117745587852
  3.070141426203
  3.022537264555
  3.066130701197
  3.109724137839
  2.831425523882
  2.553126909925
  2.627736861382
  2.702346812838
  2.536928719591
  2.371510626343
  2.553953356084
  2.736396085824
  2.925622655891
  3.114849225958
  2.941978186966
  2.769107147973
  2.644426626707
  2.519746105441
  2.440334411904
  2.360922718367
  2.626566272237
  2.892209826108
  2.887678183170
  2.883146540233
  2.642806358649
  2.402466177066
  2.404056458829
  2.405646740591
  2.462839160253
  2.520031579914
  2.460899656680
  2.401767733446
  2.412601073063
  2.423434412680
  2.339128560312
  2.254822707944
  2.469874119194
  2.684925530444
  2.593897615115
  2.502869699785
  2.486338162641
  2.469806625497
  2.427420642832
  2.385034660168
  2.550711537823
  2.716388415478
  2.570500656330
  2.424612897182
  2.424701167279
  2.424789437375
  2.265064035083
  2.105338632791
  1.949346601261
  1.793354569732
  1.587679024469
  1.382003479207
  1.523366416603
  1.664729353999
  1.880921337685
  2.097113321371
  1.999490580599
  1.901867839828
  1.751327889996
  1.600787940165
  1.483560170262
  1.366332400359
  1.267702378284
  1.169072356208
  1.028102385966
  0.887132415725
  0.996596009866
  1.106059604008
  1.098289256473
  1.090518908938
  0.943455629494
  0.796392350050
  0.700125368749
  0.603858387447
  0.705846402656
  0.807834417865
  0.750384721730
  0.692935025594
  0.756075954999
  0.819216884404
  0.635243165063
  0.451269445722
  0.456709379228
  0.462149312733
  0.164138539366
 -0.133872234001
 -0.072866597675
 -0.011860961349
  0.002746723549
  0.017354408448
 -0.077626875790
 -0.172608160027
 -0.179724145423
 -0.186840130818
 -0.065164579280
  0.056510972258
  0.050803327024
  0.045095681790
  0.036008723450
  0.026921765110
  0.094363585979
  0.161805406849
  0.554923106498
  0.948040806147
  0.734090783901
  0.520140761655
  0.228690148403
 -0.062760464850
  0.206365298036
  0.475491060922
  0.599298838604
  0.723106616287
  0.450246570376
  0.177386524464
  0.185948558724
  0.194510592983
  0.243797035074
  0.293083477165
  0.380438987968
  0.467794498771
  0.191752708621
 -0.084289081529
 -0.151617762242
 -0.218946442956
 -0.123518878426
 -0.028091313896
  0.075154112544
  0.178399538984
  0.058230626517
 -0.061938285951
 -0.239957768842
 -0.417977251733
 -0.298775838156
 -0.179574424579
 -0.112187618305
 -0.044800812030
  0.084333535126
  0.213467882282
  0.060793002326
 -0.091881877630
  0.156449098450
  0.404780074530
  0.183981353735
 -0.036817367059
  0.221148130798
  0.479113628656
  0.648666887088
  0.818220145521
  0.771430780782
  0.724641416043
  0.658614703927
  0.592587991810
  0.572382452300
  0.552176912791
  0.587722198947
  0.623267485103
  0.680409543104
  0.737551601105
  0.856805625321
  0.976059649537
  0.961057949697
  0.946056249857
  1.047994832754
  1.149933415651
  1.174999191753
  1.200064967854
  1.293596229143
  1.387127490433
  1.267072768806
  1.147018047179
  1.058866712649
  0.970715378118
  0.970258436394
  0.969801494670
  0.898641810359
  0.827482126047
  0.874727167693
  0.921972209338
  0.795715487280
  0.669458765221
  0.827435979690
  0.985413194159
  0.642443946343
  0.299474698526
  0.319840894017
  0.340207089509
  0.622622883484
  0.905038677459
  0.767689648831
  0.630340620202
  0.501301789647
  0.372262959092
  0.363857433555
  0.355451908018
  0.449784061538
  0.544116215058
  0.555802659065
  0.567489103072
  0.523284172993
  0.479079242914
  0.508634706003
  0.538190169092
  0.639322615472
  0.740455061853
  0.894210810497
  1.047966559142
  0.845472934254
  0.642979309366
  0.907857456449
  1.172735603532
  1.193700238699
  1.214664873865
  1.219722101651
  1.224779329438
  1.200951012723
  1.177122696008
  1.386876026089
  1.596629356170
  1.562856011169
  1.529082666168
  1.344249218418
  1.159415770669
  1.189962981199
  1.220510191729
  1.282393526558
  1.344276861387
  1.271136610468
  1.197996359549
  1.263343175298
  1.328689991046
  1.644653666349
  1.960617341652
  1.784144243445
  1.607671145238
  1.669344347437
  1.731017549636
  1.265606033907
  0.800194518178
  0.852101348591
  0.904008179004
  0.903494747511
  0.902981316018
  0.870809617336
  0.838637918653
  1.118726012055
  1.398814105456
  1.394215272795
  1.389616440134
  1.455325501188
  1.521034562242
  1.687967567595
  1.854900572947
  1.688462948267
  1.522025323586
  1.295211759101
  1.068398194615
  1.030042222231
  0.991686249847
  1.189808441528
  1.387930633208
  1.473327204483
  1.558723775758
  1.504057784893
  1.449391794027
  1.509481980115
  1.569572166204
  1.648594152147
  1.727616138090
  1.828309761241
  1.929003384393
  1.873679781363
  1.818356178334
  1.700277857688
  1.582199537042
  1.588484946287
  1.594770355533
  1.580572930488
  1.566375505444
  1.671404739291
  1.776433973138
  1.871400248670
  1.966366524202
  1.775981552978
  1.585596581754
  1.573744814265
  1.561893046777
  1.444159839682
  1.326426632586
  1.252740827531
  1.179055022476
  1.224311390015
  1.269567757555
  1.416155525636
  1.562743293716
  1.498464175213
  1.434185056709
  1.350232139625
  1.266279222541
  1.526679953504
  1.787080684467
  1.761550879338
  1.736021074210
  1.655231869463
  1.574442664717
  1.511939321851
  1.449435978984
  1.374435643900
  1.299435308816
  1.156012439285
  1.012589569754
  1.083966222795
  1.155342875836
  1.335502127035
  1.515661378234
  1.291284205921
  1.066907033608
  1.334072816693
  1.601238599778
  1.622765162419
  1.644291725061
  1.770744616134
  1.897197507207
  1.938538797574
  1.979880087942
  1.712663963249
  1.445447838556
  1.386038972007
  1.326630105459
  1.332183486096
  1.337736866733
  1.239131235663
  1.140525604593
  1.091794262289
  1.043062919985
  0.770264075337
  0.497465230688
  0.426230052698
  0.354994874709
  0.577479435094
  0.799963995478
  0.757980621667
  0.715997247855
  0.846734174859
  0.977471101863
  0.957454739600
  0.937438377337
  1.003514745012
  1.069591112687
  1.251109629485
  1.432628146282
  1.636564772011
  1.840501397740
  1.465013635284
  1.089525872829
  0.963408418517
  0.837290964205
  1.008222344725
  1.179153725244
  1.235200518876
  1.291247312507
  1.266059276548
  1.240871240588
  1.483958972125
  1.727046703662
  1.585199667505
  1.443352631348
  1.575077479256
  1.706802327164
  1.453913702392
  1.201025077619
  1.247163916826
  1.293302756033
  1.276440816846
  1.259578877659
  1.436356408579
  1.613133939498
  1.643444583246
  1.673755226993
  1.968238019309
  2.262720811624
  1.953028075596
  1.643335339567
  1.724157208585
  1.804979077604
  1.607532117704
  1.410085157805
  1.351495464351
  1.292905770898
  1.465581535010
  1.638257299123
  1.524182758971
  1.410108218819
  1.249026631600
  1.087945044380
  1.022508700979
  0.957072357578
  0.949003019018
  0.940933680459
  1.086506380966
  1.232079081473
  1.223666234288
  1.215253387103
  1.531912671946
  1.848571956788
  1.755090682939
  1.661609409089
  1.919372817101
  2.177136225113
  2.030940188541
  1.884744151968
  1.841014453205
  1.797284754441
  1.726601441606
  1.655918128770
  1.750765802740
  1.845613476710
  1.991869688877
  2.138125901044
  2.033283510595
  1.928441120147
  2.087134886266
  2.245828652386
  2.049989818358
  1.854150984330
  1.900519763128
  1.946888541926
  1.656741298110
  1.366594054294
  1.533684870056
  1.700775685817
  1.639838091650
  1.578900497484
  1.605624529174
  1.632348560864
  1.682834734926
  1.733320908988
  1.689909194164
  1.646497479341
  1.305206634737
  0.963915790132
  0.959930221017
  0.955944651901
  0.995633922453
  1.035323193005
  1.199262651126
  1.363202109247
  1.289954654268
  1.216707199288
  0.985983722998
  0.755260246707
  0.846097246531
  0.936934246354
  0.955003856172
  0.973073465990
  0.869065236414
  0.765057006837
  0.768832314293
  0.772607621750
  0.771968208399
  0.771328795048
  0.880231488254
  0.989134181459
  1.008508692643
  1.027883203827
  0.925559976595
  0.823236749364
  0.793113509002
  0.762990268639
  0.574008366699
  0.385026464758
  0.244220931325
  0.103415397891
  0.188062595153
  0.272709792415
  0.307404932653
  0.342100072891
  0.429450011060
  0.516799949228
  0.505160910715
  0.493521872201
  0.469789088008
  0.446056303814
  0.553420059817
  0.660783815820
  0.620728709153
  0.580673602485
  0.267584990752
 -0.045503620982
  0.130496496936
  0.306496614855
  0.307355918900
  0.308215222945
 -0.018833086740
 -0.345881396425
 -0.171926135713
  0.002029124999
 -0.044910744339
 -0.091850613676
  0.314019024524
  0.719888662725
  0.763895443802
  0.807902224879
  0.744498128552
  0.681094032225
  0.755369149267
  0.829644266309
  0.911377276553
  0.993110286797
  0.823789080786
  0.654467874775
  0.761606841022
  0.868745807270
  0.801906039607
  0.735066271945
  0.855916933882
  0.976767595819
  0.924092199309
  0.871416802799
  1.045850268409
  1.220283734020
  1.127782762614
  1.035281791208
  1.171070951425
  1.306860111642
  1.251341139569
  1.195822167495
  0.977569829584
  0.759317491673
  0.915138131303
  1.070958770932
  1.233885424872
  1.396812078812
  1.228270865854
  1.059729652896
  1.055233590086
  1.050737527276
  1.010818502306
  0.970899477335
  0.813919805611
  0.656940133887
  0.782853468976
  0.908766804064
  1.042432738003
  1.176098671942
  1.385337753103
  1.594576834263
  1.496558264431
  1.398539694598
  1.529705037575
  1.660870380552
  1.843966502803
  2.027062625055
  1.692289868369
  1.357517111684
  1.430665673802
  1.503814235919
  1.463776717443
  1.423739198967
  1.386861236500
  1.349983274033
  1.280138384124
  1.210293494216
  1.452911940610
  1.695530387005
  1.506616941168
  1.317703495331
  1.253306047695
  1.188908600059
  1.110800269439
  1.032691938819
  0.944156678704
  0.855621418589
  1.070605843751
  1.285590268913
  1.335067556693
  1.384544844473
  1.242661919166
  1.100778993860
  1.153828754890
  1.206878515921
  1.227767451671
  1.248656387420
  1.361995242709
  1.475334097997
  1.134016979157
  0.792699860316
  0.772800337758
  0.752900815200
  0.907044315290
  1.061187815380
  1.298518550125
  1.535849284871
  1.555218081416
  1.574586877960
  1.471458416789
  1.368329955619
  1.493550833249
  1.618771710879
  1.728719928274
  1.838668145668
  1.796609698075
  1.754551250482
  1.685061951242
  1.615572652003
  1.528161138680
  1.440749625356
  1.521338179538
  1.601926733719
  1.526158099361
  1.450389465002
  1.101680928141
  0.752972391279
  1.031518216105
  1.310064040930
  1.177194653553
  1.044325266175
  1.039348943354
  1.034372620532
  1.067162119990
  1.099951619448
  0.993474550503
  0.886997481559
  0.871057755978
  0.855118030397
  0.693210960795
  0.531303891192
  0.467137108612
  0.402970326031
  0.410431442382
  0.417892558733
  0.608939585968
  0.799986613204
  0.726772569800
  0.653558526396
  0.959284221551
  1.265009916705
  1.234538519119
  1.204067121533
  1.478526852421
  1.752986583310
  1.502765062388
  1.252543541466
  1.209329482051
  1.166115422636
  1.275753260596
  1.385391098555
  1.091835099530
  0.798279100505
  0.990510813050
  1.182742525596
  1.075521883004
  0.968301240412
  1.127856839837
  1.287412439261
  1.240729732948
  1.194047026636
  1.262502175479
  1.330957324323
  1.124313623944
  0.917669923565
  0.964724475458
  1.011779027350
  1.021514498151
  1.031249968953
  0.794391188308
  0.557532407664
  0.651735954051
  0.745939500439
  0.670350569727
  0.594761639016
  0.567677584680
  0.540593530343
  0.667782975966
  0.794972421589
  0.837951073005
  0.880929724422
  0.967446216483
  1.053962708543
  1.163190673782
  1.272418639020
  1.261222444175
  1.250026249331
  1.163989991776
  1.077953734221
  1.050635469522
  1.023317204823
  1.013356206424
  1.003395208025
  1.156085769180
  1.308776330336
  1.474358730673
  1.639941131010
  1.575153110752
  1.510365090494
  1.488783158690
  1.467201226885
  1.519820827801
  1.572440428716
  1.591090677919
  1.609740927122
  1.832556055856
  2.055371184589
  2.139307165441
  2.223243146293
  1.944073479992
  1.664903813690
  1.542204246349
  1.419504679007
  1.592217780929
  1.764930882850
  1.675400106262
  1.585869329674
  1.397918165573
  1.209967001471
  1.375680579134
  1.541394156796
  1.329044334911
  1.116694513026
  1.317196546097
  1.517698579168
  1.608829455526
  1.699960331885
  1.674990943696
  1.650021555507
  1.631843171482
  1.613664787456
  1.445696607061
  1.277728426665
  1.302522895325
  1.327317363985
  1.301522258361
  1.275727152736
  1.208997494613
  1.142267836489
  1.229640139788
  1.317012443087
  1.458711904722
  1.600411366358
  1.580253209611
  1.560095052864
  1.585974661784
  1.611854270703
  1.596612234714
  1.581370198725
  1.597161970668
  1.612953742610
  1.588137469050
  1.563321195490
  1.887260351790
  2.211199508090
  1.963112765564
  1.715026023038
  1.868107812769
  2.021189602499
  2.202797056866
  2.384404511233
  2.269159097735
  2.153913684236
  2.138657042055
  2.123400399873
  2.148035424780
  2.172670449686
  2.156786061631
  2.140901673575
  2.100070880109
  2.059240086643
  2.019840593243
  1.980441099844
  1.938656578943
  1.896872058042
  1.825774698294
  1.754677338545
  1.906385082049
  2.058092825553
  2.020273931936
  1.982455038320
  1.767696290075
  1.552937541831
  1.668732747674
  1.784527953518
  1.690678190588
  1.596828427658
  1.719455398006
  1.842082368355
  1.769633838544
  1.697185308734
  1.701453715497
  1.705722122260
  2.003688134025
  2.301654145789
  2.250710479199
  2.199766812608
  2.122168050537
  2.044569288465
  2.118051870751
  2.191534453037
  2.007045683908
  1.822556914778
  2.017010620187
  2.211464325597
  2.326724475026
  2.441984624456
  2.342582457797
  2.243180291137
  2.271068556449
  2.298956821761
  2.226345118364
  2.153733414966
  2.094362848533
  2.034992282099
  2.086387529689
  2.137782777280
  2.081007637537
  2.024232497794
  1.837664117796
  1.651095737799
  1.683571809253
  1.716047880706
  1.702041539739
  1.688035198771
  1.726544416151
  1.765053633532
  1.544703728930
  1.324353824328
  1.491302686995
  1.658251549663
  1.716315204516
  1.774378859368
  1.814905803628
  1.855432747888
  1.955127634942
  2.054822521996
  2.099957603700
  2.145092685405
  2.118438468877
  2.091784252349
  1.810076865319
  1.528369478289
  1.452220185135
  1.376070891981
  1.629648902955
  1.883226913928
  1.982069868191
  2.080912822453
  2.020381216380
  1.959849610306
  1.748610357337
  1.537371104367
  1.589618863827
  1.641866623287
  1.442352427001
  1.242838230715
  1.042316526474
  0.841794822234
  0.852434184786
  0.863073547339
  0.742612494457
  0.622151441575
  0.660316471508
  0.698481501441
  0.473828344259
  0.249175187076
  0.316788193074
  0.384401199073
  0.618486164346
  0.852571129620
  0.795522774833
  0.738474420045
  0.931320066601
  1.124165713157
  1.268237168953
  1.412308624750
  1.359545287070
  1.306781949390
  1.443199049344
  1.579616149298
  1.440930413802
  1.302244678305
  1.217776209690
  1.133307741074
  1.040285801018
  0.947263860963
  1.000754893348
  1.054245925734
  0.861463907202
  0.668681888671
  0.801557844452
  0.934433800233
  0.688639705007
  0.442845609781
  0.567625197271
  0.692404784760
  0.846742755335
  1.001080725911
  1.044195520375
  1.087310314839
  0.924171214553
  0.761032114268
  0.718882396357
  0.676732678445
  0.723028137081
  0.769323595717
  0.723794044921
  0.678264494126
  0.638228717862
  0.598192941599
  0.665396106859
  0.732599272118
  0.500118725339
  0.267638178560
  0.400385334056
  0.533132489553
  0.660986199517
  0.788839909480
  0.648401264864
  0.507962620247
  0.748128203422
  0.988293786598
  1.073429517544
  1.158565248491
  1.154540771237
  1.150516293983
  0.810517751553
  0.470519209124
  0.481782674282
  0.493046139441
  0.396152880716
  0.299259621990
  0.464258444183
  0.629257266376
  0.878826479169
  1.128395691962
  0.987703947425
  0.847012202887
  0.695961142213
  0.544910081538
  0.708241158526
  0.871572235513
  0.709814892589
  0.548057549665
  0.738789010370
  0.929520471074
  0.961883374759
  0.994246278444
  0.904404669777
  0.814563061109
  0.991746402139
  1.168929743169
  0.963419910017
  0.757910076864
  0.876754195381
  0.995598313898
  1.059889508741
  1.124180703584
  1.062257716503
  1.000334729421
  1.039943824449
  1.079552919476
  1.119542947262
  1.159532975048
  1.202278475383
  1.245023975718
  1.283496318065
  1.321968660412
  1.498028545072
  1.674088429731
  1.695106828115
  1.716125226500
  1.540758562058
  1.365391897616
  1.281427990106
  1.197464082595
  1.371152457968
  1.544840833340
  1.440835005455
  1.336829177571
  1.481675048427
  1.626520919284
  1.622152422818
  1.617783926351
  1.642159743492
  1.666535560634
  1.767821285679
  1.869107010724
  1.642078141221
  1.415049271718
  1.619961030991
  1.824872790264
  1.680426241239
  1.535979692214
  1.731683067157
  1.927386442101
  1.936841632142
  1.946296822184
  1.912040963080
  1.877785103976
  1.765700366667
  1.653615629359
  1.733146276366
  1.812676923374
  1.643567087325
  1.474457251277
  1.606629017696
  1.738800784116
  1.679513851601
  1.620226919086
  1.415956108689
  1.211685298292
  1.378935897653
  1.546186497014
  1.503726880156
  1.461267263298
  1.432609203876
  1.403951144455
  1.405605379436
  1.407259614418
  1.659712674789
  1.912165735161
  1.714280192822
  1.516394650484
  1.564760896010
  1.613127141536
  1.656986797479
  1.700846453422
  1.664612268653
  1.628378083884
  1.474864673002
  1.321351262119
  1.367437903105
  1.413524544092
  1.316716935562
  1.219909327032
  1.159125553068
  1.098341779105
  1.291267009487
  1.484192239868
  1.385159716165
  1.286127192461
  1.186512117146
  1.086897041831
  0.996627717374
  0.906358392917
  0.905802304657
  0.905246216398
  1.057334041720
  1.209421867043
  1.229009348441
  1.248596829839
  1.323263651886
  1.397930473934
  1.570476243189
  1.743022012444
  1.390825223751
  1.038628435057
  1.218196125352
  1.397763815647
  1.570524756541
  1.743285697436
  1.503088676114
  1.262891654792
  1.232709084582
  1.202526514372
  1.411831850438
  1.621137186505
  1.337138412705
  1.053139638904
  0.916085395921
  0.779031152938
  0.941907743845
  1.104784334752
  1.124286621134
  1.143788907517
  1.308006107895
  1.472223308273
  1.447030683064
  1.421838057855
  1.292085634231
  1.162333210608
  0.995152719145
  0.827972227683
  1.119404834092
  1.410837440501
  1.541189911349
  1.671542382196
  1.612958778709
  1.554375175222
  1.438557867733
  1.322740560244
  1.422036560341
  1.521332560439
  1.975028412636
  2.428724264834
  2.086379064708
  1.744033864582
  1.849129235157
  1.954224605733
  2.041581458577
  2.128938311421
  2.059647219078
  1.990356126736
  2.258056327398
  2.525756528061
  2.528518682051
  2.531280836042
  2.504352900138
  2.477424964235
  2.452549179771
  2.427673395306
  2.444055144493
  2.460436893681
  2.257394242659
  2.054351591637
  2.334030635714
  2.613709679791
  2.792397782845
  2.971085885900
  2.847445476851
  2.723805067802
  2.625605809128
  2.527406550454
  2.457557365443
  2.387708180432
  2.424990386590
  2.462272592747
  2.355294730252
  2.248316867757
  2.256345743080
  2.264374618403
  2.294158648790
  2.323942679176
  2.109199785209
  1.894456891242
  1.624396446251
  1.354336001260
  1.254531602256
  1.154727203251
  1.480180692015
  1.805634180779
  1.800016078413
  1.794397976047
  1.598942237081
  1.403486498116
  1.231324011376
  1.059161524636
  1.246995516622
  1.434829508608
  1.170186211569
  0.905542914531
  1.092555143629
  1.279567372728
  1.295850284939
  1.312133197150
  1.129084859094
  0.946036521039
  0.843655148543
  0.741273776046
  0.878504127150
  1.015734478254
  0.940372439736
  0.865010401218
  0.780894789690
  0.696779178162
  0.757973341859
  0.819167505555
  0.856569797982
  0.893972090410
  0.849674616038
  0.805377141666
  0.688737437774
  0.572097733882
  0.738953707873
  0.905809681863
  0.744424743035
  0.583039804207
  0.441809827613
  0.300579851020
  0.293311173611
  0.286042496202
  0.346305180890
  0.406567865579
  0.539187332980
  0.671806800381
  0.626737970109
  0.581669139836
  0.765882414512
  0.950095689189
  1.302793280634
  1.655490872079
  1.545706298121
  1.435921724163
  1.227421009875
  1.018920295587
  1.061696443241
  1.104472590895
  1.215334866108
  1.326197141321
  1.378878921415
  1.431560701509
  1.458237256319
  1.484913811129
  1.831840582830
  2.178767354531
  2.218900123113
  2.259032891695
  2.272978564030
  2.286924236365
  2.195537798044
  2.104151359724
  2.237353636634
  2.370555913544
  2.563745901147
  2.756935888750
  2.724709234050
  2.692482579351
  2.707206557889
  2.721930536427
  2.798770622661
  2.875610708896
  2.918996692127
  2.962382675359
  3.230803988011
  3.499225300664
  3.420880162038
  3.342535023411
  3.430549748894
  3.518564474377
  3.505586350025
  3.492608225672
  3.314388386802
  3.136168547932
  2.976855397301
  2.817542246670
  3.001665590377
  3.185788934085
  3.133130059963
  3.080471185840
  3.143562105349
  3.206653024858
  3.230738762924
  3.254824500990
  3.155442623108
  3.056060745225
  3.301411571811
  3.546762398398
  3.399474767791
  3.252187137185
  3.235312975882
  3.218438814578
  3.151572213356
  3.084705612135
  3.170579042462
  3.256452472789
  3.202190124670
  3.147927776552
  3.034473440631
  2.921019104711
  3.026415928064
  3.131812751417
  3.220959737010
  3.310106722603
  3.378936714192
  3.447766705780
  3.441794624556
  3.435822543332
  3.327708867497
  3.219595191661
  3.421569200089
  3.623543208518
  3.573938028201
  3.524332847884
  3.519381718770
  3.514430589655
  3.411196073246
  3.307961556837
  3.430880120829
  3.553798684822
  3.455865217379
  3.357931749936
  3.297366758855
  3.236801767774
  2.874283533134
  2.511765298493
  2.712532611383
  2.913299924273
  3.119484893139
  3.325669862004
  2.847389022078
  2.369108182152
  2.590580082289
  2.812051982426
  2.964030045454
  3.116008108482
  3.062211331359
  3.008414554236
  3.209199255177
  3.409983956119
  3.213238373962
  3.016492791806
  2.844156633397
  2.671820474989
  2.803561413234
  2.935302351480
  2.690239424068
  2.445176496656
  2.526750863539
  2.608325230423
  2.644422657525
  2.680520084626
  2.572099805052
  2.463679525479
  2.595701458961
  2.727723392444
  2.831816220160
  2.935909047876
  2.986838671499
  3.037768295121
  2.487623158742
  1.937478022363
  2.059545694939
  2.181613367515
  2.147199919681
  2.112786471847
  2.026396141757
  1.940005811666
  2.198030656702
  2.456055501737
  2.482013880264
  2.507972258790
  2.435421807315
  2.362871355839
  2.478721716681
  2.594572077523
  2.586040614130
  2.577509150737
  2.397008264195
  2.216507377653
  2.050164026716
  1.883820675779
  1.729662164625
  1.575503653471
  1.704905304711
  1.834306955951
  2.029533938992
  2.224760922034
  2.085430740318
  1.946100558602
  1.876454250466
  1.806807942331
  1.623869060938
  1.440930179544
  1.414016537221
  1.387102894898
  1.529188266705
  1.671273638512
  1.635086740895
  1.598899843279
  1.398556465401
  1.198213087522
  1.431255051873
  1.664297016224
  1.728314661562
  1.792332306899
  1.820541212366
  1.848750117832
  1.716199547363
  1.583648976894
  1.610717272113
  1.637785567333
  1.541723671009
  1.445661774686
  1.166602168916
  0.887542563146
  1.156349841549
  1.425157119952
  1.449396271075
  1.473635422198
  1.403935114855
  1.334234807512
  1.447986214109
  1.561737620707
  1.747039987679
  1.932342354652
  1.841695602388
  1.751048850124
  2.086917571150
  2.422786292175
  2.672237943185
  2.921689594195
  2.947897523548
  2.974105452901
  2.725036543334
  2.475967633767
  2.647097240982
  2.818226848197
  2.759120107903
  2.700013367609
  2.806626081960
  2.913238796312
  2.884556624350
  2.855874452388
  2.865391413218
  2.874908374048
  2.885422012472
  2.895935650895
  3.135650345782
  3.375365040668
  3.316292473655
  3.257219906642
  3.475394213916
  3.693568521190
  3.758206004349
  3.822843487509
  3.654289172695
  3.485734857881
  3.653154549238
  3.820574240595
  3.762452370826
  3.704330501056
  3.485016213399
  3.265701925741
  3.291582167892
  3.317462410042
  3.864672975973
  4.411883541903
  3.939489502411
  3.467095462919
  3.798538760555
  4.129982058191
  4.106347790175
  4.082713522159
  3.993432734350
  3.904151946541
  3.911833849460
  3.919515752378
  3.969859423515
  4.020203094651
  4.078535267990
  4.136867441329
  4.016433703437
  3.895999965546
  4.040465853365
  4.184931741185
  4.045957220876
  3.906982700568
  3.639000534818
  3.371018369068
  3.307282792491
  3.243547215914
  3.393553740213
  3.543560264513
  3.802221907654
  4.060883550795
  3.838277932762
  3.615672314729
  3.899782121473
  4.183891928217
  3.857898869139
  3.531905810062
  3.552236652269
  3.572567494476
  3.613162458376
  3.653757422277
  3.615859717006
  3.577962011734
  3.345079497988
  3.112196984241
  3.204613896477
  3.297030808713
  3.129792153103
  2.962553497493
  2.809549682357
  2.656545867220
  2.887557937585
  3.118570007949
  2.979831658490
  2.841093309030
  2.709303782233
  2.577514255436
  2.404307128066
  2.231100000697
  2.136606520485
  2.042113040274
  2.022045295134
  2.001977549994
  1.834359089831
  1.666740629669
  1.476258046181
  1.285775462694
  1.328175459807
  1.370575456921
  1.163549222110
  0.956522987299
  0.834017405613
  0.711511823928
  0.790317521174
  0.869123218420
  0.953763748353
  1.038404278286
  0.757509468645
  0.476614659003
  0.592826201994
  0.709037744985
  0.782121858978
  0.855205972971
  0.682807416847
  0.510408860723
  0.732725584395
  0.955042308066
  0.595794177459
  0.236546046852
  0.316300004462
  0.396053962072
  0.394038079090
  0.392022196108
  0.413560712827
  0.435099229547
  0.597491945532
  0.759884661518
  0.802907369839
  0.845930078160
  0.736094598979
  0.626259119798
  0.681721264594
  0.737183409390
  0.699546208365
  0.661909007341
  0.817297316275
  0.972685625210
  1.051388572425
  1.130091519640
  1.048987978133
  0.967884436626
  0.993636683745
  1.019388930864
  0.962124472999
  0.904860015134
  0.953758620578
  1.002657226022
  1.110219756332
  1.217782286641
  1.265252200659
  1.312722114677
  1.323652623576
  1.334583132474
  1.201444874772
  1.068306617071
  0.976852749998
  0.885398882925
  0.855302369439
  0.825205855952
  1.074492910724
  1.323779965497
  1.061367277609
  0.798954589721
  1.009880166789
  1.220805743858
  1.148640333643
  1.076474923428
  0.944102226991
  0.811729530554
  0.847543147003
  0.883356763452
  0.741692382636
  0.600028001820
  0.623101798964
  0.646175596107
  0.696661435781
  0.747147275456
  0.639387155137
  0.531627034818
  0.592732246602
  0.653837458387
  0.633931387474
  0.614025316560
  0.450031419346
  0.286037522131
  0.760128657110
  1.234219792090
  1.132259567810
  1.030299343530
  0.980771197714
  0.931243051899
  0.670876473157
  0.410509894415
  0.541275557166
  0.672041219916
  0.660477903983
  0.648914588049
  0.780030925366
  0.911147262683
  0.923557946841
  0.935968630999
  1.025751805698
  1.115534980398
  1.126917735224
  1.138300490050
  1.178300006961
  1.218299523871
  1.040659372569
  0.863019221266
  0.809362858591
  0.755706495916
  0.812949965469
  0.870193435022
  0.844148696721
  0.818103958420
  0.808063900564
  0.798023842708
  0.727901841180
  0.657779839653
  0.594269186354
  0.530758533056
  0.591101464207
  0.651444395358
  0.692439707370
  0.733435019382
  0.788676832674
  0.843918645965
  0.862942425679
  0.881966205392
  1.020679683641
  1.159393161891
  1.041016139116
  0.922639116341
  0.910649195955
  0.898659275568
  1.252547105749
  1.606434935931
  1.417798957141
  1.229162978351
  1.301616466898
  1.374069955444
  1.420727225984
  1.467384496524
  1.439150717321
  1.410916938119
  1.402124116156
  1.393331294193
  1.451980991063
  1.510630687934
  1.701219579771
  1.891808471609
  1.883114616917
  1.874420762225
  2.008664497268
  2.142908232312
  2.001199629062
  1.859491025812
  1.845925745351
  1.832360464889
  1.561274261031
  1.290188057172
  1.309987381287
  1.329786705402
  1.397193792609
  1.464600879815
  1.567437645335
  1.670274410854
  1.577302670985
  1.484330931115
  1.470344146814
  1.456357362514
  1.462649616272
  1.468941870030
  1.625848656667
  1.782755443304
  1.889411863185
  1.996068283066
  1.963856967438
  1.931645651809
  1.891799854153
  1.851954056497
  1.673872552008
  1.495791047518
  1.712695367394
  1.929599687270
  1.679483069451
  1.429366451633
  1.537112209692
  1.644857967751
  1.680048433587
  1.715238899423
  1.653273962063
  1.591309024702
  1.868392801672
  2.145476578642
  2.286687093497
  2.427897608353
  2.377552346958
  2.327207085563
  2.377030114956
  2.426853144348
  2.364966364882
  2.303079585415
  2.435902828506
  2.568726071596
  2.309796025891
  2.050865980186
  1.694797239784
  1.338728499381
  1.422785282030
  1.506842064678
  1.504970804187
  1.503099543696
  1.264064924718
  1.025030305740
  1.066735914794
  1.108441523849
  1.157703957424
  1.206966391000
  1.380874144808
  1.554781898616
  1.454463502539
  1.354145106461
  1.607363983568
  1.860582860676
  1.677801249095
  1.495019637514
  1.481315067397
  1.467610497280
  1.407946796521
  1.348283095761
  1.314996621547
  1.281710147332
  0.940198258961
  0.598686370591
  0.594079674806
  0.589472979021
  0.899339057793
  1.209205136565
  1.287644344409
  1.366083552253
  1.264245107512
  1.162406662772
  1.207316183374
  1.252225703977
  1.189693060848
  1.127160417719
  1.278390702204
  1.429620986689
  1.135182785437
  0.840744584185
  0.972133231013
  1.103521877840
  1.012167311469
  0.920812745097
  0.895397049599
  0.869981354101
  0.883780267786
  0.897579181471
  0.721954364793
  0.546329548115
  0.400582767358
  0.254835986601
  0.217811145004
  0.180786303406
  0.009257039440
 -0.162272224526
 -0.041041897538
  0.080188429450
  0.137380189296
  0.194571949142
  0.243914339416
  0.293256729690
  0.187665956267
  0.082075182844
 -0.089599566761
 -0.261274316367
 -0.108330518038
  0.044613280290
  0.093640696867
  0.142668113444
  0.006419547614
 -0.129829018216
  0.210312890786
  0.550454799789
  0.193353248724
 -0.163748302341
 -0.011146967871
  0.141454366599
  0.193046185260
  0.244638003920
  0.379999980019
  0.515361956118
  0.404502406340
  0.293642856562
  0.332075589798
  0.370508323034
  0.126054170205
 -0.118399982625
  0.204771737659
  0.527943457942
  0.418192980785
  0.308442503628
  0.310568757394
  0.312695011160
  0.266294838732
  0.219894666304
  0.320406295168
  0.420917924032
  0.412393868211
  0.403869812391
  0.347222867512
  0.290575922633
  0.381459191670
  0.472342460706
  0.259576156277
  0.046809851847
  0.143280194871
  0.239750537896
 -0.032556470051
 -0.304863477998
 -0.229986540255
 -0.155109602512
  0.252576578244
  0.660262759001
  0.691336939784
  0.722411120566
  0.599590872994
  0.476770625422
  0.461902850740
  0.447035076059
  0.713452967306
  0.979870858553
  1.082210660653
  1.184550462752
  1.027453889251
