-152.2306131262007
-188.53188715244937
-163.36191441719893
-139.54867748350188
-153.55998848865045
-168.97805061317953
-167.25989758466088
-165.58960097846798
-177.47210307072473
-197.44963559710996
-221.0676246836361
-247.89131449968414
-273.73258311440816
-293.4740961630487
-294.5241658441895
-280.4427893046511
-274.39009953224115
-269.33859939877385
-270.4380056036899
-266.8050735307949
5874.878435295745
4987.574728065075
101455959818.03822
1856968660613599
318640121916663700
673989297390983.9
4219668742613057.5
19213090255993.69
7288961633066.584
78459008961503.89
9974946514143.422
116480526698679.44
22574031805321.312
41281675813603.27
3648666932014997.5
16491938514001.86
283316622581.6682
1659816121646943.2
11668355204139.66
29667493355585932
286259567918.8638
5466768999552599e4
3142300938697752.5
75486704937925.44
2174641423168.0298
3275446322579307500
7787795458450.611
62496299698917.875
6515929704147.219
11167120464522044e7
1803556561989.9912
5433797797453.393
36385614646730220
9282695734436386
651734834713858.8
296271423743546.6
179338266469128.75
2851584729111956
138878090643365.38
7673824899111.976
46490820467.64955
70288677200753.42
3635520346639.419
52344193761076445e3
4201921100474400
122776288090059.66
79170244855.63347
4950120807103.072
7428942875481.175
112392562454683.62
267185208601034.2
79530796975.05426
52997226396294270
6194393361437.211
2747222981561.795
4815865567063.808
101709581378119.28
13252189813069902e3
343703697580665.25
269575049943.3825
89654891716745e6
124478946070.04178
971687882827590.2
3710570467986253e4
1488556402463.166
92546968239620.88
6870572958234112
843191549724.834
48971357039.66278
2251195510478.856
9807666329613.955
7747069670415.623
5075094242911.178
72007613335146.03
432971440050.875
282899644245.4235
24962583041651.883
172738503413679.25
495930856247.1813
764294179546073.9
27754561055412160
6265045310008.18
414342689252.8777
18304786927713.5
25665157536177.94
514722658422262
20622376169905.03
3619043496074076
23965694007103800
959212856290.2295
145930381379.3047
23927909473070.438
18701019229800668
1281900617586047
550878067751.3849
3492512751978439.5
450799155282494.25
437619315700296.9
10081204013223116
582832970577983.9
2446858951341.9775
7215288658853.885
52725776791573784e4
53984933181798.555
2023664075459.8364
2152310079142.2622
839680625465060600
401137219215764740
45560836914700500
117769795355504.62
13393428899831.832
171461651514.03296
13388203077978163e3
1865464071172.184
10655143833552.65
808867544185.8276
36071008426470430
211498008898982.8
18076103934243.86
481776855256.5163
103235749469.0297
129507170052.41171
10887321705634240
987495097339227100
79337232749899.45
1243854675022513
1722077560943.3184
545748602513644.8
31286632942530.1
1869255543853219.2
4890098042453.697
5081394145442.337
28182548006073536
6781982032509.141
67134248276.94519
1632649136676482
16510280715626957e3
27852307820789896
154130415686303.2
1537834166448.2866
1364111714962643
100074557306638.23
2217087564670.9014
10153073011138.81
63001708279381.484
5135288319316.992
1111094632564.1013
22792254428403.043
3867366222522652e6
2411751815596.1924
5235251524639.317
124320315122736.89
20283700652933.867
2496173270126494.5
94545214841137.95
2397940354832.839
510281124587667.6
496877541219.6804
8777931154625.861
868040418471413.6
38261325825733370
39901543948711260
8919335014119.254
316094589206.58813
40608273146.13938
188216596920723.3
113560185583915.9
14451356195428.512
354904351891.9844
34340333633.174583
497947140999.0403
959202480804446.6
474443823543.5974
61234970267.78523
12741590161044.791
23902774508564.316
13249873332473184
4961839443551.307
11327296591879.805
412369523535429.5
2400343404931859.5
396686081868.04333
1618882113353.5464
229202828592.42334
204969929001188.5
2836998130386196.5
71545051229950.42
6172227565296358
9825074986080.959
15075355219838136
47106266131345.33
99087834597671840
143135156850.46664
11434470567561.383
62133501844797.89
17397841008496588
495036672698768.5
457288007991415
12537300796334.473
9492237052108.432
658208859538.0583
39487215170207230
228490229202.98126
93416529624.92542
10733013178192614
3709994241599.8765
37086243788914856
55150798654333520
6603150349302.552
3169183179623.2886
2653537361650764e3
6647693978799702
2631202068550.14
5873074242025418
1554578351438733.5
47881195783799.016
5330871426566.157
1816059624592.0566
169419029287816.56
168592881597.87885
1587498117945.0876
767286652503.8773
691028020099.9409
82476758172612.83
1516029143675394
473862899526364.9
203154278624041.3
14776015736914050
756991808158.2847
1327607438435.7659
8084840357736.504
762419735718.111
6897993114951.5
6390905450435987e5
130781136135.01404
253668343147207.66
192253006745481.38
3917204351665.269
18756333224749.793
158038216472424.7
539060725061.9252
285521345710.51117
1962659698285111
1123601274077643.8
416821669945.65125
600215600534902.9
3202432065623.443
2216290498394.8164
47188650262321.45
7230966541145.964
118786320928.72133
20489358449673.535
37960565216934.06
20020975451369.586
19472786827908903e5
304129696139391.3
737436810011872.6
4661189399306.232
362260296979.25757
293359790864865400
18337560764902708
228409376159267.06
2047836460534967.8
618208501048.9711
70386749596411
45085405175592.82
3103057526372019.5
9561765816128922
36976530554865.62
50921290427670750
13314355997073801e4
725448317336.738
756948576356.1208
15978513892052.287
486242149917.1992
616785817131123.8
880560933768414
1129785945672.0156
754354452853373.4
22794330890369184e3
2690358218023.693
2562627750500.322
17344928090065.148
14082506037888058
3597477459705909
31839573765445.953
1611675303524.125
164179145789.60016
10770108792236.084
270024052145.6428
1300097569942132
32483761804134810
808290511344.129
1259035806512972
15485192217007.574
302501324618.90283
486822707242564
9590933992843.14
3362255197892.5137
1454061179646.6665
221195106362.1641
19107258669670797e9
878715992685.3685
630111222719.1711
182241186003394.16
351699651833779.9
211308012968.9206
4548308237061.611
41993647013974.64
75772394690332.44
169970054788.24792
310999315987.38336
9134678422533100
169428904753544.6
15453742594549.885
33266249550050.273
4659572874237.373
296746748462441.3
106044278604.64398
15043870846252534
1869857567169.8127
4429850425964408300
2238072444266.5273
24506081887764.88
4429436990423.855
912739480033.1335
746946834374538.8
3405623999716.3496
7709792751546671e3
2934858344920.5957
55728334832877500
403003783064.6398
1898131658272.1553
200791503924.41083
27113696932397156
168644946857499.8
41414099615388.83
1533131379169.2368
423500190257.26685
13354057603667520
3889091498708.039
6781670459.79044
5731634535885.683
88454659924405.22
1359246904672.6455
6064999802881021
7169268604.776244
558813489971.1439
10757887303197.924
43069808101952210
49554998406737.94
34786012685181344
1253187771156158.2
9276621571942050
213073740797661.25
76333163374805.47
676563786689783.1
10140156745520975e4
10377606800802704
3322697606097.924
8461334111503.371
2404726832174.4805
6845256758536926
2966787539874.2188
83879502822511580
414108342836.0986
1960328400902.975
756820104026888.8
558047198530.3788
19654377687825.04
39178097243057.48
159935074580.15366
138574807235270350
23227466005.553223
49575333038.86873
305983923221.97076
2198692696804.8618
3363326985270.116
5352903906765.048
73568298743962.17
90220108892.75415
1579053819887229.5
179110332756951.94
1373046036537.7554
237861280917408.6
1286403954191.156
11722721728500.648
10802382445792.941
20033318506003.07
18494619321818173e3
5722478536563.65
523645880640.9115
8996460615955.39
1264872924730221
6960089703212.1045
321580569324.29535
132301181597.57462
2167974861533.5815
786208008508517.4
160489392427126900
55172074445944.33
596554243158369.2
18917202225716950
330514697846010.25
2193962524388793.5
15284119454754111e3
1668249202955784700
589993307574.6409
70664163351845.42
2799436255569.156
36286577617490320
917056645160010.6
8418380578783.36
40361624804801.31
192415273847.87988
80284334748.50826
56206419936442.05
282314689807.5287
868026141462148.2
6984005734782.219
1961849340074.7861
47993208846821.734
260226895144.04037
3834662773681.701
17428415974716.713
164662907548671.84
26395878081863.06
465230001316665.4
1968601178415707.5
447173628353.2204
151761641679011.7
18865500479717.71
41735795015052.18
978409467973.4987
7086799362945382
224350769820432.06
9909292391360.219
14816619499970480
478529485159670.44
114828158781365.73
5979149695492.606
38231654590039.58
109917068233191.16
145291725615.02097
295032319404331970
119965470470873140
49489538335.07833
8921049458206.693
139267566772713.12
1235326526367.893
132830908512095.12
18383194522635.945
1448338701811.7239
1487594761571.8193
298577717718061.4
14026066162669.484
48628266528151340
1242544977826041.5
4618516831923.131
123273501878822.75
183865390618.01898
556390296238008450
5323969658146.998
17109515666389268
2108416467144252400
44597365122318.016
173330550498.8039
114116849473488.6
50587401801819.3
24386477694254140
1271691416798240.8
145632328912.47186
611031539468.9192
194137150678.59897
1310008806654.3306
429541391621575230
21451453087838.03
1328454779342.231
2484634927145.5503
716024293737.7955
4392922150390.2354
732290613563053.4
1680653474863105
4702570957553.582
2199649858293032e3
3891345932818405.5
175060918059.9265
61672368062975080
172050648026.08014
101351287386.90132
594197918244700.5
16103717640371.66
380666321328347.6
52735498304515.98
27882413829442.297
2427767539034.0415
2811117770801.1514
4836590095103.197
39217511343236.15
217414542577.4011
329205207479.3101
257131339093341.4
6898716307767.447
763823740123266.4
330917655055.27246
23424694473826.4
87297707099398200
1624401149190892500
609053606293.3616
533292639117.3618
424718443138.1766
109416306364333.83
448763494597873.75
36715746414441890
2068469023430685
40406488919507.26
20908016341.364204
89070709792474.97
8349084264192.002
10895329763071.08
27877408518707.273
1772810055670.3582
638476322017.7723
344294009296923100
35383038302394.85
441422212806034.75
438704824873645440
229227683782959.06
1506586201556.4966
12132033608891.906
16486561547236.201
33763240545489390
911928317574.3461
320315889254097.5
1226827643700428
936262758158304.8
28839542368663.36
462569367005022340
310911038828434.44
275421467170.2416
2889428940530.9766
6993860745838115
1900648899651.0024
6805053983474.109
2023087544416230.2
7681955732979.648
595349143161.9763
931983347480374.2
14399348258974904
1754014446185029400
503472576758303.4
209992586253.79047
86800884761.16794
1583857898481.187
2794147860936.168
319589800592014.06
1599082760273463.8
9141495682775.117
2027902943870.2903
413708177897795.6
7243610929034.306
22606915229477.6
17237981550527892
3160599094837166
44163874411343020
58511763401769.695
979100576450.8638
346599993058194.44
1961513604869.8225
18023082730131.23
166471201582258.53
26910212912638.69
9380403432623.55
68464288803891980
4000386380806533
223379135500.57553
131838816416.00476
3330003318442.582
196345882680714.3
12192830394419190
3653398341370321.5
11654605216320958
2063868140908289
996554594210.8601
4110996272889856500
4350562425626.8965
11146010025837.281
11549708072094.445
11710905769809.914
9520947917388.383
6554244690240.699
1829591486714.7368
21212404563808.05
216399897089.26904
118506044245657500
22683477488904.723
13659238894117.32
3134394983472.3237
98936107378206.25
1045295862623.9801
679998963614277.2
1407144443880.145
1113445620819.5112
60002568774901.87
1641340846471350.8
5357956881520.391
9949019617737336
135508242584536.84
2584399945967.069
4160151962700.791
226702130273641800
2727617184391.8906
47726551909733.55
1290327767299584.5
126740409296.70981
847856742594.7384
90652319208527.94
6696183139413.688
18788600812378.855
20496812703339.23
1588008139389.55
484635553091223400
230335792691231.22
14537823953464.074
51476150692.416466
1000738291502.7764
42436076088717.51
297264309372122.1
11843313470691.062
3015512607073.944
64349481687222.19
19781067888596.96
6035827643615.914
647644539789423.4
100201756294531.84
5658663144356.096
16670243185941.195
105517381327609180
117860857040.47318
430982032606791.9
722355902939671.1
8751423330001313e5
37335292089574.96
1390303817169.104
20096142484247.33
307488708664950.75
1191670387514509800
27334966016829.47
691891678289.6853
2206645826841.1904
5696763443776703
328262953647.3491
146633096345.7044
8409578502054.09
9122774569011.576
43042828022231800
11007105858440.492
1944586940128666.5
177336213863938460
73413719075663600
131650152587952.06
267624754320725.78
43397668963813.31
301994217566.44824
73902209379501150
15245395196265.678
400376260622969.6
968251829778.5759
2320490819682.1904
175187538907483.2
1536387611923611.5
1420374684366.0215
294453906522113.44
625084236852.692
1024348575071.172
65202103523.96301
321749978636.2785
1560000726641884.5
26380828706919.465
259761890547647.88
2000729358011069
148954535219562.6
10234681708985752
2130456967983.648
2109498969417.3508
6276880856480.408
31462956258406296
1652720909361.9248
2779896914822252.5
9256081159202.518
286920545438192.44
643692931349828
1243629087491480
966395516948.4401
644833688704407600
311379802155.7206
33611310784591.926
253067767596231.3
27607481954264416e6
481468079740.94543
324623741162.29266
3298282911335.949
5449206288717.182
8979735050225.5
7896879447773026
1075863491923.231
44319041014157.39
128993011277673.75
2993429470694.6016
102400409750424380
34315426615900330
28388443739267.195
48174128133572.22
107571518432750.94
147769918333914.72
9791468228641.605
9340611837301.863
9876680909423.79
21861748460494.85
8551317726537709e5
2733417639588.438
302488495502.286
1349789852823165
27187551780250247e6
223301831089586500
2964094543615.319
576328407743978.5
887545787295058.1
28110293721.053864
393653145979.55237
28083861041140.953
2215650234400137.8
567803268642.9742
245399434425469.44
1166084872904871
48301885271125.734
37566706326219.734
287996410602305.06
336836314272.70764
63581638199971.28
2720020685820.36
139675248865.42596
1156457189636.8071
3876760300038.4956
432325190589913.4
59949192877077.25
557703452171765.06
3539440239818.78
99504666586728.6
74414534000907.19
1460243519882176.5
1988279092011.6606
122794669878295.31
28023126752672.992
6368678053604.898
470594066607.62775
257817568616.14865
295940962994313.5
70689032619.85559
4304919692280.5283
1083268734297.4001
12705814436390034e6
53936093859394.11
17365342116846.555
811125128407.8562
502818762841235.75
570606968450.2906
51362122880215.15
656270546608.3734
2322896817758.953
22944897345975.703
94059911576815.56
24761928199538.445
138738053994.50677
14520887503714.084
1479316375011.0774
44708378244557.09
2342435466509.03
88211516019.30739
352786970191046300
224114035071369.8
285931995167616500
85256204217585660
4523683962406.166
4078950070544.768
146175142174894.1
4167440726994963
47679536214.26021
438706741918.95337
673481540747.4988
282393310103.5562
17522198272286.709
808429759730.4952
571131258128545.1
187677358048.50476
33218653933011.547
15427204951627.809
61589758259717190
31704943377403.84
219815502330066.12
60866874839.10134
17900913078575548
51981292964489440
4296866133356661.5
352346635647.35815
224679556252.27017
1403175614833.9314
4020361597040.3125
1954461676397951.2
59680479003170.516
902830820245.0366
6898773687327.056
306451902855.50275
397124925940957.44
435770984996.20123
4736690805202.903
5671981187482612e3
121320915783.01857
2019673438400097e4
1409792210584354.5
29898510378594.883
41769243701709896
3735221277722.473
8191576158405691
123157892519307020
1502245810252.0522
1048365930695.183
1920966416281.5498
7384567651349954
47874765620058.64
16203826524265.523
1297397928546.8477
4451180449246.277
467293831050136600
219168582660925.56
1643313683412025.2
3241186167297474
2762937250958.4727
70225607161770.55
173083366080301.44
13464342965731.584
20384246375966016
107322044159316.03
9555988154343.79
422890834407.5139
21878738127783.746
30320290769321.934
898569185435784
28571919780297.055
5084638051764.908
10942537640405.598
154179388305578.9
1149978168824.5664
26251093360.313503
13736391311454.418
74735877405654.52
4581039657245.891
120025411408063.8
5341435532236704
788844328548045.5
82311608665887.47
2499363036629180.5
1290282798568069e3
14062735642701264
193507904544.6829
43123042368429.734
75215487707543.38
34081316687.006847
911688784881.478
1526620595197876e3
669807192800.5854
39943445990602440
1180498872593.493
70109841079.65828
8964914651759.928
84936439231600.16
2050282217942572.5
4814291272170.145
5918379278013922e3
110084237522.55869
38253795826909.18
889152817860024
5799036100351580
28780343894954.32
227438537834.78912
72737753861.29065
400180730406.8937
1239238309200803.8
77383358575145.9
1900832989274.5845
6773312831208.123
2600833591978954.5
11534051065315.113
91732951665130.2
2020383423458.4106
98743905417177.1
5339720656136.945
43522055473549.94
263533947293242.1
4112556061283.275
24418669557587.93
139248217054.7757
2374378950824.8306
6212805075103.142
1128282201464531e6
12184992688665114
11576725805600.797
7150844469213050
622656071907.9565
5923629298159.863
2167906496556.6072
212561568800.43738
232111738981945.56
1196178988835.5723
251365722200.57233
3593809493957.0557
109889967908679.84
174385136666579e4
4521981973793.708
8832612717990.758
2362692561704479.5
29956252337349.86
611676664886.5309
2597827967663.683
4831424205022.68
11267176399186418
69208085022944.67
1818620282295208.5
2666729861411470
34643045572820468
154620151216.50586
174600595323852.4
37116819809.98242
229796378154475.2
1789704447172804.5
6072164785154.896
731057039365.5856
613151319841528.9
27565409479320.074
8604181546478178
111436850610347.19
70615565579302.53
204718103535.06085
9007537093252.844
452272601234708.75
4512541285258.267
69717874388436.3
1453092890034.4424
1852418893398.8975
837602938274.6188
1085843064466925
36178704887533.45
23208013733377.086
129751166566737180
7354086118848.882
22373224029086.797
1649658939307072.5
426229482358.5031
160692212656.93304
69182010352365290
994901431002936300
450919559394570.94
2016887392250.5664
1677006000536714e3
12533067572489.453
512628042161.64734
7443204284642.281
31083185907522.72
1216900932700.9023
11046782580107148e5
10515268582369.945
24612005559176.973
7145800529617.96
325046090322.919
8687135114112.785
3714945944277.0835
277027070607967.38
622395628853981.2
3980815951157.553
82017618912.88135
225576860174743600
4622681141974734e11
10723933196698.152
2351043184175295
1530786161803625e3
9577132639849.658
937101338832.6638
2802017908534511.5
18642418512099.54
1172454281115083800
51291225446692.64
960077307708934.8
61620142411563.19
2048137545890624
34633767311181.992
64041711683.9107
35778039079485.914
19582773020707.29
99045689884999.34
14999457955081.215
1737287972372.0244
996797947022.2399
1096057271459164.8
741422912951841e3
1822782557875.3418
36523044094645
65070866118.89041
122923418871201.62
31845046599570.254
1467465973778.0898
32170662348320.05
3920038285232.884
13687179802112.076
357352960208.3583
949032974049.0305
1958976083696.6897
507330265409.8759
255604084542.62643
179744865361590.34
809732243547.9384
212067222213.96442
517398818407489100
3766159774223885
118651147247758.14
75520018637.76668
5556570995939.407
13776413640548.346
939266105020.9482
16233920112605.492
29911974837875.71
328929497621220.9
21819890031703404
426930183834697e3
121251445915.48785
2083754679267.3433
112075796033529310
31345592985562110
5420574231276.544
533488485565.5868
6075360813369.969
135684154753098.19
198010460809492900
247476694307009.06
8555266216669.866
1759999588542.4746
11246740287054.377
250126466618766.3
706939803110938
1069923874334.2227
94766606033132.31
156293573122480.16
50690175081.17313
15474456896849.783
2855103876970.2207
133862248037717.89
12937617235505544
63428326051525.05
21228887212483.004
833095480983108900
131592772668.31305
2782715605682.4424
432391174120775.6
4587331974081.3125
56757837449745704
243346944727807.25
14635634452152865e5
171130867988736.03
20001963386.565384
86368531027252930
305731139004.8228
32673239022610.242
34500459409151.098
48467276923390.266
139860336450661.62
197548888148.8803
820844803475797e3
1900702206887.2095
636950130543.0372
400032217257.74316
75795428859563.05
877060300367116400
12230309536077332
1129699048748.9624
12726353476282382
4680874022885.348
489633904066036
3756613334969.3896
219133773803624.97
1390645057819.2178
1682763900724.3127
3338936716925.34
925268453267.3407
804190374376.3914
22733058753.378365
884832265218776.2
408390014375124.5
2256568048614.856
721838392105.866
839265062138599.9
38745795204090
14038466997889.516
24046865522.76097
47151338828725.52
10115880450299882
1056510268266337e4
2474279453395.586
23321531230044.15
497127852981315.1
578057254359172.6
47671040157528910
4638431533468220
48804962734406936
233669367444251.34
241983804726.83075
1474812184586246
149678563343.29712
135000066738739.66
5362224213256.903
2635405566766913.5
9776065916341.148
1766892393876.4802
991896537709.7306
384739381118.1278
10750983997571.867
9170177890040.918
19605615225714.53
797237544938.3182
2626068756597.906
164165688601.07416
52095844338979520
1581096353401.8804
1837151251153.836
5353917818944.818
1510871556179.1426
258267168409487600
116085453763.76312
9533672707811.936
152870922684239260
2014700418612577.5
584769834119.6941
921411089852.8314
876471436404.5105
175625048037266.94
8729584732878253
18045976528647.58
1160318404168.771
2899426311953.0376
204241695582819.3
35492258264022.89
594858073672.9761
173885217910.4557
174497721816007400
2858332797854.6084
15833256011345654e3
4516890226287.496
24750340519.038506
127576129675.61258
671513013175.5566
5533362093627906
7251137283338075e3
101280525367272160
126228264030834.53
145666048413236.44
7852001892222.737
134007577530.52594
5830189671464671e8
420004129401115600
48638552722378.95
853039152574.2909
16004247271809846
279166999060.8064
29504757349.243584
136072136595007.28
627283878264.4127
1838123252136793.5
13192689415354.25
2109065243331.0269
2710475203827446e3
14394534610238.316
971296718716.1035
48222001815743496
356581000642.4458
65584202866.08198
12238746614799488
33897236111529.875
39299825348648.39
4012999308140.432
92543894000180.34
576272474661537
41026236209.81726
30779877383675930
9922199353836.168
1349494014772.848
212664232938.24316
1273134872958647
385432471550238.7
1748280701897130800
28841430188380090
195300235241332.75
241209268122.20508
36484965794.23773
425922629578664.9
344768831343802.25
122068482885811.69
3087806470501002
50281593792506.57
22600833473003604
10381251292906436
51907272084.895874
1580024409874393600
228607928729084100
18021065007852636e5
873860375250.397
5961902443220.66
232924900171914e3
56339543996.67244
1872687636122.0288
6521973437078.596
2546722177719.928
12471287219790732
49960743867570010
526947888905511100
122230606552232240
47916795585161.95
10336793857508.17
244704527177.37076
1366743159857.8806
138331864032547.11
1566878181173206.5
90038729186.41237
48299322024400.83
1084796063755567.5
983017472519.4885
13366511994282638
5856294056222356
71134565389.79291
10247311806068.46
24897168634358.746
397798903935050560
91244819682.42772
2996965833668.7163
305577913854492.75
1105412424979938e4
32300742488.028187
14299165479597200
73405787785.00452
2286634445176.7
5706722566673691e4
1501021789384.7517
74623881275.82037
9384050172653.844
1172530834059.4983
8111122098370.629
2474492590903978
79540417070631.81
1958902890368031500
23446704263.635204
3005353064211.342
1884879791250690.5
1746608312402.6035
211913587344696.44
6168999348728992
2263280327007.537
134152272982.89487
29803087796407.777
342672270819649e3
74702973916.42966
8327568215918864
11017663002476.055
308911197976.7191
94167982034.9208
45880011740335.12
1498849355943.6924
4977197823695939e9
719764029191.5555
131553912580836.03
29276032924.60582
3555262638589.5996
33805866186878.953
504731400882.4676
471548908895294.44
497114157228.9954
66186761417889.3
13571723160269406e4
182283661005028800
3721239435669.2227
516018343198146.75
1274999691764.5327
19329682850698164
2169595983250.378
1506073080754.2173
150447360946294.38
1806975269074.5405
373783365931.12463
5052684988654226
1416958548629458700
11770815124683264
192237850781.65356
161878371591016830
169263760950.86438
875757521317.8955
21050384908359.86
2269382357125.839
220704822644137e4
293412212664.497
9731326382971462e3
16773187093122.984
8149931843899.685
38867826850593.13
166760335332167e3
1153699323272576
3592675850928.254
75998655370029.25
1593272023542322.2
298658886488378900
1604418187004960.2
4281348553938239e9
3963876216732789e4
5953078743880.791
29227610934.775433
1141759180768.2246
2047435379599.1855
2792369630048.3516
6924161794992730
14619401470090.07
33421451019850.08
32573189031769680
1103093346610224.6
23101695921516.773
418083899073.3041
4737702034393.407
7272473213602988
7702471054678.141
86895406875054
111000243973.63855
7049629389038.4375
5208929224316.242
6765784162751.141
156157252287144.2
3022943882096.655
41116104418.05574
5877535549649.672
8066716094973.652
2593449872275.425
648525860024.571
7570065797784.002
410643221277191.4
8062480784.272843
1074693628288.2041
991604356271.5067
54064925701744.94
870512505722.7163
1324296012701.0923
122064611721813.42
523685013086.88245
29649468547631.91
1166815181077.5444
5078937777225.777
289070738676.3015
5824780020141.384
296733645114941.25
16296836748291.277
4082177114664.757
11113690982453.902
5583075153.070528
101746565768916.19
968287701068.0199
186225934778.17914
429573505259.1308
137528627414.15396
3493495398099549
46660245335.97121
120517515268.26097
11791878036647.375
1203134931255.0505
57237780965761900
4311881834084332.5
7333168749298.132
251597699634.1853
1996328795865383.2
23390028275.73363
4468352809032.549
143077597573161.4
14066479271387902
8207937063443.107
181536461109.2957
78442287932.9539
13874752844764064e3
1949961983785.8647
103926078773543.56
1070183837024.6929
1385871382095548.2
157258095755.47537
797313364318081e4
211104526495855.6
865158809336799.5
2669173188905453600
951415136063160.9
17721360882587.29
2657998762213196.5
47182469090296.58
166604206201.4187
241146504741199.94
47904756235462.86
670327273231.7761
688240947537203.6
28714233502730.363
62268208477.75257
897483572907.6484
90501478591.05737
7241007389254490
2260623164148.113
5085818235283364e3
18016037776021.586
1169908358536307.2
89844574960476.97
144877646393.9472
5104434952521939
5731663429542.657
71995232837.0095
34336955783004.004
37002292938046.87
7972397530348797
292716847370103.5
1532378821613.4573
11305305838687.227
322550740547109.25
9222856964927.04
1097481883542026.8
1464922970039.0122
13369597632460246e6
44188268171170.8
187513119914157.8
5574457997934.459
33394276334894.688
266904161170.339
828233121788653.9
515948717208411.3
101019457612755.14
1028358408249.4756
21770450185114.207
19024854464634.812
11069691128101.414
245059626389801.12
6440875138006938e3
20586214304633704
25346682102707.613
23361308767111.69
69548774505104.58
2006750685101.0234
1307001080472.5513
84873025906.72289
968809539311.0168
245389243914.8171
902048126683289.1
16029851943786.918
3609787281024.374
16667578462386.75
969175634441332
355236859258172500
149981724023075600
8736848103217662
2805869350738022e3
19098993158339.223
331026569338538.8
61857595339.85867
2763055512660398
745648635410066.1
6482783873077.766
80365150668499e4
4698313644674242
31470070407449.863
29734057638249.586
2427328949390.889
70175264960665.86
676201403026.2694
31067268959108003e5
6192258449639.187
5803068481935.581
244042291178.69415
36804426331836296
3774179922546743.5
2101258865015820.8
625678163092.6893
2546394186117.6104
186578427126139.88
70551517375773.14
14046276187545.678
3093447204958706
112500367250.17108
5557382575937.941
3192471740657790.5
4321673609152.4736
347170165137.3685
171350360556428.4
2724253679744.878
1667403850603.0923
228275902369023.5
265755167535706.06
16406680596936.443
44335618325587.664
846669533136280.8
2280262078914221e4
331595869120.98145
28012251874922040
1820196501594.5005
56965993049.00652
2716937830360.212
103163230145.72415
36820690832.69418
584832280590.1239
2443859545998.2876
8809750757812.293
22485386963197.85
235184386159621.12
4807443169155127
2593082014392633.5
14005078981147.04
4346092176567.8486
2575218096485.7637
54896176243.54308
75638823510645.75
1225665020432.5225
181240528012.56354
383942658130222
64553783322.19032
266090339716874.7
9877346109096.408
295723162498624.9
1919140146156573.5
531756874488.8883
198636602081.33643
6039804009491.957
660300297373.0203
18603585377350.06
2269299462483162
2131649740024.4968
1893644455314.688
12313212676731.875
1702288796557.4858
30498778649110.043
12592228211249.95
65872347871961.64
16048871363366.703
48862303326623e3
46991516365637.39
19402449108796.7
151680578752714850
144119182791176.88
229168675714241e3
2771179676239914.5
45895257371405.07
5867828030629.21
49488141822891.51
13446643816373.58
34334917711117947e3
3258575092352.5522
13660585668338088
132514079572545
6074416810019.181
4210139039444510
367502824688635.6
964226344859133.4
30134257878316.85
199103296827870.66
62661594740.56525
59068467086797400
6584923438700.043
5980990291.233703
27885334274199.2
33055112721817.945
97717865876.81412
102808603818.11655
258286228604.54428
84180108796833
47477591613.14697
1049334729487.8099
12381196820665.268
4933821456073714
587287444545060.1
7365556599251.385
13965644334589730
6690088731871.63
397989567489.3027
1509871570388.9763
3420207969840415
24707378832038240
11801828029973.404
19524745279747.75
387958552473336450
3993614823.5488415
26159648031704.516
5904520255762.8
38376938029.23639
567753978496.5161
1223386256446.4868
142630313631.07162
7224119635094.395
986458886735.8317
165107446237.87207
13719358586.844177
296532469375.98425
9723283266113.672
107808611438149780
756573100220.2727
389791189282.32715
632343662320.6235
607181184834.0881
1320997311844579.2
5117073598451296
93877537762882.83
83909273473860.69
259372583537.7452
4903929414623746
1694160988171.1543
4221845382530.2417
25961185882522.36
3048058065253891
228810579079489300
119944679144747.25
12914740291715916
2453049877844.265
1817311117802.5713
182741481192.74475
252987344867.23703
39256341007120.19
1917741501548381.2
148117983953099.75
26145766568997.83
43108461144764.83
3374376725257.8477
8794336623206634
2628357873634358e4
99935083849.55632
242234479942.19073
105611210402.26523
70827053987946.03
1172190611775955e3
39423805238486140
4235837670128.582
2253701206568523
2793592005090.4263
4554634092241.601
35695984057867.695
402046015618694300
537435200284351.4
1268494337056165.5
1847840228924.117
105400351052234.11
6038261656669527
50010800284607.79
755724271707.8015
4194377055668.6875
114024000889665170
35504487281337414e4
7948527357549307
3668384342424.293
450187798683365300
9888750290366.348
286639306141.9411
11802820483256.701
1129797414868.0088
2455643949652.7593
15935052186021.91
9394314085081.684
1740281185859.5571
15562726190066.787
383971657064.4866
392621491499.81665
234570294198525.38
10096901872462.227
271286693511.4961
7589368084721.819
79624468185584690
2119424895685.392
5280957257121.273
6773356798424.508
4203475815638086
80591206759868750
5419637174056590
460700482595.76184
398680785401.54443
20634510450707.746
51651708335545.65
306195463894.15686
31866951884.651115
1205280144535895
1704251246289.3374
7360403019.574039
353802105219.47986
3583514048586.868
1735833474647.7578
56474878441.3063
914675479970834200
2945589095458.241
196186587865.2765
1955442269895487
252097796161800.62
3758062750782.6035
1318973878110.1365
2369824589620842e7
3105832339122242e5
1921191115647.3499
1499592066245415.5
8171117384100.088
58454859105.98364
510755468622.58813
1053254967989.7087
119832490856389.61
366168698061445.2
522588203224382.1
7812300326184700
17654491547993.656
6317475395594.545
1861115771048.9683
108526394905027.5
151372426599543
157486784190453820
63012054058913.83
2795849285844.962
858595669168400.5
7671368111931.207
100087757397634.89
31597924060.747242
636093089805.7133
10521911944535.846
331105103659.6088
13830668618.420675
62663976014425096
23625123332731624
119606769670.79053
4980907178365041e3
1490231603800.7205
2372247778286.3003
1431084115144967.8
2999554476952.694
20277949709775.344
7662131362061.09
750867477215292700
1976286478820.535
557249580427036.3
79731753939578020
1333627525934.288
687633815861732e4
4625490048135.916
205488798366479.5
103341888274198.67
27223423712542.773
712977087579.823
2165311364388.9988
105108517754784.66
2486027669581.755
392741849998289.1
526203246141118.75
219478679885473.2
3641167900434.0493
3963251424530.9443
60612163752699520
78654470259747.75
1595283137.7783253
2700446408593.9194
7529893816976155
1080956191989.2058
58240129707998800
8463414847619.596
101673624475.63754
12553886339.462719
48005842986.91695
2391990533749989.5
1179700178396281.8
156255520232.12454
12990368576872.012
5444066539336.015
17599783573578260
1628558479540500.2
847447308607.9248
77631766523.12648
95042116007.57118
2441149493704.928
1559173353094.7388
100226377707.24207
484528176638491.5
452087794240.6127
199071617814.42407
375458403464.929
1451940519402.586
7110065772464.281
5963923764311.904
323541700545554.44
381404078627.7134
52651785154673.945
17926673753288.473
782737378395.4742
9629177358809.076
1591868396880.5645
2074724204346016.5
23104257540312293e3
315753376202.3356
36003850207398.34
82344325949646240
3262070828829407.5
17842283801500882
19584963834.15951
9600931233126.336
168014162854.84924
3916474364402.8057
1183797186144.844
505068101792078340
242469234007.9927
407989725023593.9
637649194422561.8
22927828830987.152
6411162372.578912
35601023115772.76
28739596965293140
4303577218060.8306
533043797892.2625
150289561617.2083
44237482367702.4
205056085767921.47
14691280393016.98
29555005672187560
192761508571539970
172261740448149.53
47916126335.85113
1904602448252.6694
14917506177584.764
841901984060.0237
682255641670.8654
6977166406907.173
406524633361.2644
1538051912728096.5
258164647131.2498
8610142347351.817
1028528877675.5691
8943282980402.916
63120706719592.805
25712161042439.383
10074498798089.05
492269403105.8207
3078890256437.296
53295027821.23481
1183236715744.4824
121494007827.82632
19788121342250.42
1058906140217621e4
5542617158327.79
12115772579807.154
10193232557211.592
1513373903732702
146691794525840.88
745872362089.6506
396329897849.2857
9433525399872.146
16693213707944.041
2474211224116.7725
193488186896.4064
15567871627786266
969702984371984.9
1712196872235.9885
532517811933.179
6989206774.893434
581044261724.2437
135272437541381.17
1957991631230092800
19418186848.100582
271306575233663800
2150174652108350.8
640191705688919.6
3747825427446.216
46925844139245.97
46908639386.292885
431989220272721
296063261381609.1
79163228508.12766
158384112562228.28
11412178916.180286
19562135195162.016
223413872044178.5
690668839343.7812
4221754590941.378
779521074617.4838
382321677826.1615
73964284772637.39
547366760177.11145
412381223002.4045
1472445342624.749
14803507280540.95
13876621002605.23
21220112260126.53
4511337067017393e3
272786502129.49908
95742043179967.89
5895626688651980
1313947497842.3486
9387840600088.986
206486611981252.1
934076523919.3931
18520614359107824
8934355160.170282
32137344517708950
3034794410286.888
494601141659.1505
1597926921323.303
393611298860.0096
7703203632524.536
2034367249193.3423
23506921100728.285
1534874864962.8215
230826058675.45703
87738069648439.36
24549679010830.883
1352780877663.9976
127916763529897140
155224795046382.53
9414155200479.777
152179813461594.4
3444275500875.617
19711150178.259686
246254676213537.94
3232201009042.9307
1193373341362.5408
68907303911993.44
19107332617383130
5053514042449.415
105691801781.75595
180795866202.9037
145507553188174340
7976650142049.203
8281550029998507
3272678862886.121
269129549866.57736
14442847362622.707
19827402828.369858
2885002876705.6016
90229628812.31042
16275419790994.674
59056798943.02501
195581069381322.2
362171455844.3459
14552734957636340
209354550982780.1
36865668655424.44
902590996356.3582
355731364808.751
359483172716.35693
346427835051.84863
2574490499918693e5
189619262572.825
6932687892858497
1292569395486762.5
164964410585.23218
16636280871142.734
318485890944295.4
82051321359158.16
109095664993.03456
60002711057.912735
1924252735913.547
11909573647958.611
8806148209458.52
109521730291643340
5957190348894384e3
4939809460865.744
401354483523.09424
3239699747205707.5
14441221569020.941
8762566388.037586
5618848661723.421
6028489909263721e3
210549156050.03784
471546872454.3779
280465368078458.25
366024099743955600
28763451749.616894
12701128649685.488
718463943523.3184
6075124504723.811
33345917319679036
59962092391.528114
49225391952.96259
