-150.64343428504537
-188.58397518878405
-160.33299717519526
-135.96105604958007
-153.65406660446308
-168.2427942058636
-163.4148349495882
-161.71651641500262
-175.83626544832237
-196.94331479157387
-220.1025468307814
-247.6664851223494
-274.7759834254309
-292.3865121443206
-291.24158533771504
-276.23277814617524
-267.5369372653394
-265.4275063968389
-264.9216157076832
-260.0239032646159
-153.71497837910914
-94.54374690554837
-89.82524179855565
-67.71805460228116
-68.70052824998211
-74.24400386733797
-81.65620664264185
-79.72865443729498
-80.9883515372073
-90.96230152025922
-86.40975844210541
-73.63702964042541
-66.8526499583644
-72.4513522983557
-85.38347349358645
-79.35985962040156
-69.60384742210947
-63.00325659704642
-73.08615004478753
-69.00616708738588
-28.752587629705666
-21.835574944835635
-39.53747930089461
-37.29741464980792
-34.105750632383476
-43.17121499550344
-40.13597687250919
-42.46558327664508
-37.32068982971158
-38.60309685554068
-39.6033702156044
-26.74708756660973
-21.332085726625017
-31.510085569487174
-34.09931211953059
-50.46493000149924
-24.490268419859962
-20.476846723445945
-33.09072220701832
-38.65645987668826
-35.83834589248678
-36.49801558782734
-29.603571375283103
-9.886469851772926
-1.6073991085479433
.7489791996749724
-2.1635533738711348
.7086342877911074
-1.2153799950171962
-20.867398626374428
-4.894096561264989
-14.254908050488698
-34.72671246239911
-16.83293102559554
-16.308472259702135
-4.476224344220977
-17.53388373238621
-21.28079492742265
-6.6215600155771455
-21.093526103920667
-10.516636519577965
-13.780620626062081
-19.783987787033833
-3.0615720063638614
-6.692949384896341
1.1608786541536515
1.9547246420467297
.15511645701844423
-14.438577842811085
-10.514239735005932
-6.015005509868301
-10.647641098067277
-19.608611145208307
-16.413124850590737
-12.020202240159906
-7.659971095438977
-2.4244942315085556
-16.01282129872166
-8.123460927525068
-5.403864456291137
-22.244075690728216
-7.506772591835858
-6.659640618734341
-4.703371184120835
1.3517339235894452
.4993307944858807
11.098628605777815
-3.0308298605256496
19.01709622907618
6.131177217609171
-7.046134629094338
-12.292747945657212
-5.413078168177614
-2.296653163337072
-15.947013581481963
-12.956404019473332
-12.017131402008774
3.0726345160261546
14.858828806460666
7.345473002334828
3.5966511165612616
.7238881530279571
-.3609461357703987
-4.895562964212117
-5.160980675236594
-.8194590700244206
-6.890492725817348
-5.848369253561118
-23.30372084826255
-20.37978638442626
-15.659369995961118
-14.923953036204196
-18.16036791868759
-4.989901369195623
-22.124227985493242
-30.006870797927462
-16.47415055280145
-14.05181623515811
-.5667114222338947
-8.793262500238042
-13.263323077896453
-7.0800255668833465
-6.7085755785441945
-13.282261718938067
-2.7481522791889126
-5.727697076072361
-10.736871993064458
-8.992447488521394
-1.2987219887328347
-5.288572900644448
-3.3104227370768857
-3.9329159745848923
-.17876631439199198
-11.5719759010852
-4.419912016193629
-6.638056724870803
-3.8543557213868986
3.9332554196940244
-12.660315831395561
-22.076763721283438
-21.39171578405992
-14.04834922934755
-12.328493019548521
-10.723125154224125
-6.008972863998027
11.330602814758972
-4.258873891396901
-4.266722490309442
-9.782084701579066
-8.447717942316375
4.701175769542047
-11.938704082955347
-22.64285190808678
-.3533214108534959
-5.521749229979976
-11.913909618409223
-16.397141784979183
-14.203192527808337
-13.831838537326737
8.660978550149537
-14.622421446711932
-27.518991508535663
-18.903062523365715
-5.913243716056576
-16.013209417764646
.6475451967370356
-19.848544659801398
.2658544209913978
.3570049033930225
-12.832947068827183
-15.510802275894909
-12.011464470333774
-3.1386038501598303
-4.967669830436438
-24.791867250193295
-17.011617261405895
-4.012238652071858
-5.795275629757548
-11.347563933399991
-2.3532991278943487
-9.813752102276949
-4.419014291210595
-5.808300082390817
-8.006575009997103
-4.5433536961799605
-10.727440138943413
-6.749301255251144
-9.508880477599767
-4.153106649993025
-.5660488875364669
-3.2174145168148556
-9.457271027453222
-8.48042943115212
-.7944355111742656
-2.7726768636923795
-8.38445368722186
-6.233405658397796
-10.52724564890984
-16.841390551462098
-18.38177969767237
-6.689440521385578
-5.168816819285926
3.1030722015990513
3.2135630267343496
-1.802895404630902
-2.9745280982308
-6.41257593690592
-.3880859184394456
5.93416128228327
-11.58531300790048
-6.6943792086252705
-2.6173049068005394
-3.4674727519996402
-6.696297351610944
2.6881769865206646
-14.100734275492886
-6.652574163086755
-5.676126123951629
-12.116043426163806
-.9055761863899257
-3.3772628850913113
-1.3968937264127046
-.8809875539504972
-9.002196333566165
-4.4969146426806486
-4.416185553114264
13.178436146466456
-16.083701592127774
-35.738005778307155
-16.739352008586103
-8.156672780096137
13.94347312114401
11.7285526630534
3.9170190111845615
-.1297030506152177
11.533371265841538
4.0307055146511095
-4.995686471410533
-4.431446623991093
-10.1100860208019
-12.864317355724971
-4.793028060884266
-16.300947868424615
-8.475755120411312
-4.935270275814928
-11.375298799378408
-18.918273012356327
14.056022131349637
12.660262137187887
-12.138573935980586
2.3244229432958967
-5.792013811696012
-3.0847119549459805
-2.9506248976817977
9.101217493324322
-8.101639464316666
-16.118701600290457
-14.396193219785394
-18.59510094025577
-7.331518459849425
1.348711722313972
-16.8220913802278
-22.132162339851558
-4.093158602460905
-6.004103120841911
-9.512430091650268
-3.306492928575728
7.193044769058144
1.1478303199554833
-9.684759835613734
1.3149497275605189
-5.762272320500908
-29.132183507832554
-17.54988559525683
-9.720866028258525
-11.64041711982707
-29.02061577356456
-33.427032948564005
-30.938391950262076
-6.723275110586379
-16.67520868851402
-18.051964580497696
-8.657496873058298
-16.735987953737258
-24.969121474699286
-21.27429051092907
-29.57516793978245
-24.754382430185665
-4.9882898487807275
-15.222107707834937
-23.726157499480706
-8.4365265480868
-8.411828185415802
3.777416740067565
4.967099855582308
-7.4053577926840415
-14.713949868144201
-27.5483729848401
-15.06815495203709
-3.7812731705013816
-12.708429793410108
-19.077932880929733
-19.92526785434927
-16.705477310651563
-8.589528233192487
-.5502082804093078
-6.159974867829904
-7.6324774039861145
-4.96402292031026
-9.464885771399269
-1.4466944964756427
.15376850026448885
7.5267938433387
2.9830972257908925
14.263623534210813
-3.2914572005287397
2.451512421508885
-2.6230452710634387
7.768766974921102
-3.7827657692437464
-10.455321960418637
-17.01418927460925
-3.3561309505807646
-6.550163863148483
14.72138428542593
-10.715340248552522
-7.173279834749203
-11.953134085324555
-1.1685584877604054
-24.780522399659077
-13.620511317597837
-26.358830900706867
-33.35977990430052
-29.20058246633949
-7.322510354608303
2.180706939755332
7.812976979543607
-1.4162958632888092
-5.18044899495269
-5.46785878640614
-12.266909890801845
-17.38645599531298
-21.55387000240303
-15.252011428498854
-18.74322994975579
-4.661319791881211
-.4675308914587908
-.4028488568273332
-5.950033682929389
5.584968840767742
-2.481935996446401
-4.596862320331173
5.057657897164466
21.234444953677155
-11.167898568737124
-7.103538858728748
-16.578506816905474
-11.091125125559465
-10.932821988672593
3.302988955613417
-3.023003304939035
-19.156761832677425
-10.843167402124655
-.6296999419498004
-14.116231550273184
3.698438211129348
-6.88017987201603
-8.512318174042038
-4.147632553866167
-3.0664972506265147
1.1904325095901547
12.344838881436136
-11.934971070549938
-10.183204924000655
-11.170372946951503
-26.329806501873993
.6907901041315263
-2.714684223664979
-7.826185200219154
-13.941138714928673
-6.788696243166127
4.315126644080437
10.791145078013464
-3.9322246625092863
-13.948651087011502
5.295932393001886
-7.217011455400755
4.028549142599029
-25.952909011833356
-16.707501706952204
-7.714426025600994
2.9520185415526443
4.538234378130286
8.859736429452441
1.2031686633232344
-6.927205895372993
-6.016980958019064
-5.444185627017599
.4883747512540021
7.535056656076182
8.260488997623256
8.272804662433888
-1.1089739850251519
-9.86748869097134
-14.581297540593596
-12.66751980396828
-24.244932730324084
-14.882999109310905
-8.869411917280031
-16.131259438856784
-33.53044973461298
-24.441061898803284
-25.72185944400971
-24.282438335568436
-21.970315290683473
-.5383503570011938
-12.468967964882765
-18.130415019554018
-11.338276359721045
9.4936170999809
-5.4426756244750685
-8.25622798235981
1.686373595546785
-4.326642481220137
12.310873925874365
15.25387098644088
-10.962095684145261
-16.752673725910732
-17.960867601776673
-7.404205225852569
4.2420920258714965
-2.441285948130201
-7.813228243926632
-1.4713945652551206
.8421815575524905
6.762079474349006
-12.979465926140415
-3.5160991994667645
-5.877277008300016
-12.457538386076454
-16.108787683465856
-7.271095680886393
-.8142745169461962
8.985268500361261
-1.1981611996001051
-6.309337291198819
-14.742421605329167
-17.378065756867468
-16.90852693404884
-15.998711205929366
-8.672926661476385
-18.835454217052
-24.55539878625904
-5.8666916046450375
-8.882419206531596
-1.5311010426102651
7.400923223443041
9.005255035586174
-8.744066649548351
-19.629776964072615
-5.231531641437924
-8.280748559942888
-.043924385250295295
-5.827970148430451
-20.335151001118696
-9.86491160573656
-7.132286614357842
7.751634218882969
-13.235875439584998
-14.5467516535245
-24.711477857058266
-23.43436493300223
-26.488225122777788
-27.441175755634465
-7.023751420115338
-2.9836449099895557
-20.28691212606183
-21.584565549614595
.8998609091401288
8.452564453488453
-20.516182408465053
-4.252747495358239
-2.10121412688538
-5.562136026724772
-.8752415492667607
-15.405556533352318
-16.431881132508828
-17.760017727264717
-14.01542823241922
-8.758022345123338
-16.343853968029244
-3.1778828831439263
-26.433154252268018
4.124045656143143
-19.732638371935458
-22.001606153357
-17.043990037612346
-4.593871364875425
-23.443664302662008
-15.964278248806938
-18.400478797289708
-6.568926398241851
-18.08859526391099
-2.930994944326935
-12.775762182892738
-23.341261878248016
-13.151694796707973
-10.30159379384878
-6.322526584915044
-13.984919755539796
-2.4934340487075355
-11.864961645140312
.9177030273523714
-19.221108734624053
-15.020455908136277
-8.966143392202062
-12.475837381758257
-21.109574834665906
-14.708428368366686
-17.245524227299327
-4.7327748509158525
-22.894545631512393
-7.1697477962950025
-17.346346895402945
-6.137676845496738
3.3578899937204127
-8.231561703958493
-4.276539560942327
7.117593592660736
-6.0479633768101095
-2.7056622815789204
-3.7195556895600506
-10.341349868949639
-1.4782269793633809
3.3851385079687404
-3.6957772308417978
-.707215569587853
-5.9530219984374755
-6.647026730493328
-.5327808385722019
-10.841497943523326
-7.215639883606017
-10.825299089963494
-15.640589211033616
-14.088985555263045
-14.521252744789233
-5.875311003777641
-1.7151916462596901
-9.005772574037902
4.8645723644925285
3.075486805532047
-16.882396982572065
-6.176911541879928
-3.308633917189944
-5.530543759438488
-18.230661028924416
-22.173743948755174
-18.309169921783333
-11.166313112836512
-22.64110651370732
-9.71413352254781
-19.057127733432196
-4.789510522543657
6.17134183949648
-1.7644981026543587
7.259758222334225
.9418443721359728
-9.030348504383117
-8.337240017215638
-7.246551178467123
-8.536317103799151
-11.019901338259636
-3.52830875921933
-8.860243652109466
-4.609219687656202
-11.02986395133663
-18.713010802405133
-2.1214229049787363
-3.7076777561424454
-23.08578980249959
-13.063757753192304
-10.321795513320321
-8.627087201054074
-21.884307569767667
-16.077300229095304
-3.6226747604170133
-22.687669420366518
-26.59087657125075
-11.187910911825927
-2.471938762036082
-12.443228797567295
-10.863586152027116
-6.570840160041421
-11.507512512779527
-1.0828267180734379
-6.284973286986554
-7.901970948311796
-7.920365400498975
-7.1378545507319675
-17.810275589094438
-15.931640047156236
-14.589895781838054
-25.14260001466957
-23.070311988394195
-10.274336292080873
1.266535393348836
4.2017542512713
6.0800134143424724
.9552401800868306
-8.435122715273017
-14.62852726651941
-11.606688307107799
-11.665067995793736
-13.581559960735458
-1.2217337251015081
-13.340589897634242
-13.518732705021826
3.7092218230119673
-19.192316486914862
-25.40383991265935
-2.312116274235854
-17.785945655828336
-19.502782351634913
-24.025177003077452
-15.41378443366743
-13.687423974617406
-12.800821711935535
-17.029915631325174
-11.328791210278464
-24.233112614605496
-15.780770081390532
-14.630734812806704
-7.425846176702213
-11.411100471643568
-11.33962567353029
-10.434615070446696
-13.936283713268205
-3.0380467536886115
-5.065263082877103
-4.237318864647322
-7.568364573570774
3.116358345054608
-13.940903060037654
-2.713237558897673
-2.5255606385382743
-10.326754171799514
1.9224728948588625
-6.822521042232346
-9.306477525363384
-20.76666883739485
5.9820053715771175
-5.135084813003333
-1.199985022772415
5.2476122691117615
-3.3635783201004346
-4.835809064459878
-11.666032193082314
-7.1337725093892415
2.5582461232154685
-12.391743814050496
-5.14277367539678
-10.115050288128126
-20.171961134297227
-15.203293154100601
-20.81050341917838
-22.56674738261377
-12.889842506668487
.3807663393295746
-12.04995240293002
-15.361282314767806
-6.174269902732504
-11.418618407228061
-3.389636671732127
.15600592566674631
-5.837828437135341
-2.186874942035943
-8.165445151185526
-13.220281141753953
-5.140269409522908
-10.486348154296126
10.68884449051645
8.598989306759243
-1.7482371397689942
-19.080669905813735
-2.078914812521899
-5.186761233925132
-16.71230682174201
-35.16562885619352
-12.585067745349246
-8.17240738674056
-20.47803694273403
-21.46301962327896
-4.140138037333211
-2.0886842508069297
-15.740426771225158
4.424084395345097
12.276430682188732
-8.108116601407975
-.7825898816371986
-5.166743084856377
3.5850631739063705
3.1505184726698703
-2.266019543752725
-10.994390393402004
3.970300967114593
5.806921804513323
.7121932285001389
.03913012401997218
1.5055374883293702
-22.770625188073545
-2.865994406789195
6.568117369446757
-3.3668122825914595
-14.435760083821009
-29.56542912713159
-11.539303315557847
-18.719999904226093
-19.069281750979336
-6.100428325090547
-16.09355487376368
-9.468590832798764
-24.75577175215392
-22.868128949562887
-5.552428834824146
-2.599617519499139
-2.000154707759957
10.641393851344235
-5.939980958913549
-17.447185781952882
-19.512064435441385
-8.215142383604343
-14.773763562026195
-18.212335160685644
-12.486505902828808
-13.091189302029159
-6.038960213286838
-13.80766090079028
1.2710071324686014
-3.725989505506675
-.8551162665272622
.2115936235109661
-3.3811393406842587
-18.11786449623925
-21.22355212709666
2.4539848879447757
-2.47007645415436
12.229203875804732
-3.6336961067519713
3.429818996270235
5.298060759396507
-10.336661192771432
-11.813522909935783
-7.608099056930697
-9.452998638502184
-14.186359609308496
-18.957126510483235
-.3739285063935398
-8.447757776743687
-10.975335305755044
-25.27022101446813
-13.367855805390683
-11.45009096133258
-.6561000825969041
-5.876703964029557
7.314343061541656
-10.557242604378464
-8.98383242204194
-25.985165607331812
-8.855775404280832
5.9669963176051155
-9.366947310507381
8.294669857858274
8.284905327120104
-13.185379460935433
-.6292359821714096
12.231679126098236
3.00594302701231
-5.346227154360198
-8.921299563239781
-10.232493360543184
-15.053577005947727
-21.097961324536485
-22.21406023954754
-13.077463435058505
-10.056257360881663
4.307920082603994
7.698956548626939
-9.36985191531787
-20.626847853755493
-10.838961212314393
-8.081835028546754
7.414140642403534
13.524292596966681
-.6454616236135156
-15.140195841248309
-11.116981673849963
-18.699282627135585
-11.284560563164037
3.016190256604653
-11.71492096439192
.7327909248189612
5.589884575435992
-3.3566171450711395
-12.041630103379719
-.1909323076118945
2.296150729818854
-1.4363568476146646
-8.180996371530426
-2.5525111777320557
-16.90113442837532
-4.84932666613326
-9.992139796581855
-8.398687374073795
-1.9188209692985414
7.099189304197835
5.52329766467953
-5.2276920148121295
-16.77068224366613
-29.00189504257992
-13.435764610536506
-15.98707414098737
17.082250246891725
-1.132988938014563
-5.636054699117646
-10.604033107934269
-3.638345891184159
-1.282605056996566
-4.707893720544575
-3.7028115703988584
4.748537009812577
-13.46648294102279
-7.308454265126804
-16.19359210255118
-5.0837106213402095
-16.82064639512418
-14.67797635939954
-19.236289298005346
-22.786281032065094
-12.416214406464738
-23.662857580046534
-9.904955284072006
-18.31524531068183
-17.791597417733907
-16.67892761667035
-15.279918672780134
-17.57866950716634
-7.027527021887719
-22.749804378013422
-15.876255168170076
-18.74448215086073
-25.29780054182673
-33.51153743751947
-17.202748703842808
-4.803647327577237
-8.457354168917051
-11.591252163290502
.1918548997563443
7.757394068491775
-4.69708358293108
-6.7739364624387655
1.0730050759439063
-16.33637121908218
-15.38699496349397
-10.941968986423287
-3.1278417134834235
12.9857284217683
2.2456021371732624
-7.190050736949228
-1.3338428355925176
-15.804221165010803
-3.0568071531853267
4.624737496977277
3.8325084184787928
-6.104685399063428
5.942444062057371
11.496282133638081
11.986209810490335
3.758056098997965
-10.893997340011307
-16.643240976466153
-6.93877685972601
-11.400783018245775
-1.6594142932336577
-15.352872170783654
-1.552729841981968
-11.024622934018073
-13.11232515897699
-17.258187022888063
-12.537560267078991
11.859940035235798
-2.065786998615506
-7.097560146312771
5.563127298060485
-11.556677746531788
-2.155973481602115
5.43222235713126
-9.892220273085071
.6563192157732569
1.97199203235277
-5.36371698770206
6.529019478789801
-8.210116725510908
-18.749209659107933
-22.331032132143974
.9001686552805885
-6.683980228200856
-.24980758223865251
.8683563716425979
-4.2517810614124185
-12.763214014982879
-19.565684944867535
-11.25115384414108
-10.511656483213091
-1.4977381047987741
-10.535634551012098
-19.180856170683
-16.44512232596685
-22.01290162914975
-16.904238184156227
-25.191191315564375
-13.72896566716988
7.08319442665876
4.031376236807259
-13.192375377118715
-22.101223049482428
-5.888253347546501
5.4064108495044945
-8.709689137821027
-2.7602843724776815
-8.404012161385225
-23.450005548604935
-17.791878651225645
-19.06389415525944
-21.167036363044772
-22.960934676013
-7.411891569805589
1.1846560001173945
-5.713743412356904
-9.564520260199952
-17.88998061841896
-26.297075746414475
-18.493039531495086
-17.84203721294501
-3.8864631053741885
1.0956477674952456
-9.519246142119227
-9.319378716424282
-4.996008442419002
5.5671750436350145
-6.894612628651791
-23.14651878354874
-6.996538630597209
-3.6860341044567733
1.3125325362999605
-.32905121176790253
4.5423246166556295
14.127528017984156
12.351511475948147
-4.473046140623755
-3.903141592322452
-4.29526463274157
-6.123746138825844
-5.7709059277174815
-21.339821139442293
-20.582239634756075
-17.141125606058807
-19.362869296870024
-10.701761272424717
-13.195265079477334
1.1254125170599876
-2.824864687355311
-21.3951814512977
-11.427232708039439
5.219681082409087
2.962751473619031
-3.41808625375141
-16.94017711006365
-8.859302910176078
-20.661610127625135
-.860557203493153
5.645189712099688
3.208006164167851
3.4622474483646513
-12.247204973379263
-15.55186637584849
-36.28204231106059
-18.477125972779152
-11.591489774942433
-23.19538132975183
-9.701117394560985
1.4512168863379644
-6.995031860400981
-11.925826511780759
-7.896223158013075
-22.916033937442535
-9.172120474153665
-4.1519516176570885
-20.163680524070813
-30.387655518604305
-15.266230755451982
-5.794111773321275
7.13343675568583
-4.126144281673438
-4.149712232324642
7.736479970623481
-8.979934015232391
-15.93098826701029
-13.83530348956659
-2.005228991232473
-21.901311604911104
-14.034027766078108
-4.500509041722838
-7.533430423314235
-18.748955737435796
-5.266456744902717
-16.944170035228993
-14.434626826940164
-10.935664401289847
-1.9549837124716776
-1.3112234872819375
-10.830516528512078
-4.344541141165413
19.27416634425063
17.1384854556248
-1.1532430791386785
-.7365946085991126
-13.80018217963169
-4.53696592658204
-22.868161550962277
-26.36679052987958
-8.938329293475068
9.205205166877859
1.9278182125704912
6.184407539345193
4.235531843528536
-2.549637089665893
-10.759504367413232
-18.169374162167724
-21.492769178026666
-.3490466181333478
12.581089422285206
9.377638632459643
-1.44825000776265
1.2150615589207236
-3.1211341330955
-2.9307203272402913
-9.198362252734508
5.884725852321235
2.9034619564177255
-21.569721515638957
-24.70406472484953
-16.86851543128938
-1.6251128265361316
-13.740170724921978
-14.112805911724713
-20.396838248482688
-11.448538374125164
-17.0532316790882
-17.847699178642138
-18.6868793142415
-19.497576988803637
-14.79501455779249
-25.991660915442917
-26.965154376396086
-29.032343094459563
-15.270383565993598
1.300714768644947
-8.494759918697866
-4.232761589735889
-9.292246716880529
-.8546594657296467
-18.11747501994475
-8.170687881744357
-11.910949450658004
-1.7032135434679967
-4.253415015745345
-4.601424831934835
-18.93830273807709
-10.985377683424245
-19.46308754384774
2.9265700802350256
-5.669875289185949
-23.117533424925895
-8.231414384206094
-14.201484466970678
-2.6251706274424036
-15.685359442879669
-14.528473252112756
-7.455543739719734
-1.704320925851757
3.882666448615775
14.996295258312268
-.20005693278236647
4.415340793070007
-12.686079915921121
-5.480763629034763
-22.012861148203868
-27.049820170451593
-16.66616135136715
-11.1044885884419
-.501869233707835
-5.271504934456681
2.219501628714008
-14.56986297334618
-30.985031630005984
-21.40940479715846
-19.161106433609532
-21.172484840234432
-1.7740506035451409
-3.8229646657611482
-1.2221393851182203
-4.756039898491107
-13.482587418766354
-8.507593852231786
-11.28763711405293
-11.439094899585239
-15.626885008608461
-4.720801387989055
-11.145167015029795
-2.1306726859477747
9.11201131805006
-11.095965873959234
-11.050053360241872
4.157807228423763
10.929209722446767
-2.241671565760642
-10.788482162884321
-2.470840682583031
-11.896300258366516
-19.347721382846604
-11.98660286503367
-16.709374993010925
-10.05203670493504
-5.6564836446357045
-1.568531919005319
4.359407585825231
-16.0303819371079
-13.558159115050788
-7.486092535786425
-2.4999572985499983
-14.342462837119946
-24.146672391464932
-26.11531199007135
-8.007339736038357
.34583988792918063
-2.9133181462653326
-6.794724085972701
-12.467010400463503
-23.782037417472125
-17.741541610586417
-10.852437611983092
4.868122107976369
-8.327590661470019
-15.089891983286066
-14.465388136174386
-21.72139577599598
-15.77860362800042
-17.81066906350414
.6969658174281232
-12.16703997767552
-13.195807734106602
7.391353626708138
2.16982688554148
7.568351466869975
20.28151243561627
8.126435159175294
.2093189796111854
-6.716147226645958
-17.198465623194735
-8.68677104390915
-23.746148922768512
-10.958605753163678
-1.2483429421759684
-9.70411341015507
-15.430107277110803
-2.0329388725043867
.014729188731823939
-14.247121646213158
-15.603224478064769
-5.184997889675841
-11.763143155920778
8.236756193820959
7.3426891790392315
-11.567035596294069
-10.855145525116377
.1807731076775454
12.061012512850676
-4.795679119708791
-21.19332084392823
-5.169124158656456
17.830278362477568
1.1309945933252044
1.281322943950923
-8.303902372487217
-9.884335428479085
-12.52341638307292
-1.7620182929098105
-2.482861483766115
10.955601371672515
-4.279530499911229
-9.257886865435655
-17.468309273568817
-10.990813363905314
-16.133507152766583
-10.249591843763678
-6.474384810284335
-9.762960270162216
-14.896547261630754
-7.675863493240586
10.621588368587911
9.278957845818057
-2.0754656459339036
-14.276797043712774
-24.29036688751419
-5.1197119141759355
-.8224713805072059
-1.0313318017091024
-7.437434601359921
-11.16502818138348
-9.933462360832717
5.648893221882158
-4.482873027713316
-9.891354829905161
-3.304725017475794
-4.852098786607691
-6.182309778260833
-23.11902126424317
-1.1939577611780816
8.557459924040153
-.8526385350877046
-5.493080499720932
8.867623640416795
-5.134278542759722
.3975932088527543
-11.303715244498846
-11.89154965113476
-2.3429529859713396
7.471460098232518
-16.989743815264223
-2.8552076557809203
-13.031290716618784
2.168689175886921
-3.7348015929728904
2.7839691952870416
-15.273547780453875
-.41476559866284246
11.13121676024912
-15.871560169414309
-17.187320582391322
-2.979480230501994
-1.7976544720699374
-24.14499680363712
-12.472751614516167
2.1065809746769464
-13.214394742078603
-20.352809237138857
-32.931412982419666
2.1643640081896014
-15.393485154436448
-15.52527685400706
15.769613652261835
9.5078673903249
-24.143742399565724
-25.072790551873155
-16.54758539819896
-19.03043155175812
-10.330989461259971
-17.359058989860245
-6.229854818332122
-.6429576776775909
-16.483702608321053
-11.926659041943996
-2.5217907655104974
-.3917343675658147
2.3827924495976753
2.424045590264243
-6.9195604590611595
-23.337780793986553
.0944024902781262
-10.169018432614141
-23.7208157049985
-11.103346370845664
-19.317331003262815
-17.657856163195536
-10.865186896524715
3.640910441704719
-.7221806566677098
-13.956279576059607
-8.747049407818027
-14.386092254662962
-16.32308719095102
-22.36218254448086
-7.038893627721472
-13.596762173331152
-15.657078330118836
-8.160897131984806
-8.742963259908874
-13.167381933895033
-16.019098676269664
-12.665052947145055
-5.842348198512901
.034662072489644924
-11.244873689257076
-13.629774852339292
-27.532709541150787
-23.85707171894842
-12.542138485778269
-12.039217018558961
6.892604339093439
-16.915642365014
-24.26334470911477
-10.941717695474722
.3889303379447142
5.308893559511022
19.114558486638273
.7206604815239521
-14.796857544314804
-19.1710319994881
-9.43647343672389
-2.932411048431085
-5.069687003083306
9.143885382046289
-2.0333559331234774
-10.030637504879229
2.780681712268117
5.946029959353812
-7.289606075869583
-12.72141433999555
-13.956178560879316
-3.6080239467187054
4.298679159454204
-14.053302475783969
-6.333472238649602
-15.15946547062424
-4.626003090345305
-4.196635859198503
-4.653340729095289
-14.046785947710067
5.5933567729492255
8.208096894966593
2.752854820086877
-3.5934122125393895
-17.80423699469974
-15.116967881334595
-6.87361342291872
-12.626684539803836
-24.179097024502873
-2.708907034662402
-21.31056432931711
-2.0697267115992366
6.115706777067661
12.68031177513498
8.822520912828523
5.8919135483801535
-4.7957851241630145
-13.783048620512746
-27.62888886879861
-10.081521890231706
-16.278303882118202
-16.105535987566373
-27.089328466647814
-4.887029566199364
6.649728769654493
-4.02214725780767
-3.750761593534594
10.304114544410426
9.541436463306049
9.201173853531085
5.175257764923712
-6.821108920131756
-11.19524289257489
6.58651014322915
5.629713967551254
-11.329926974377369
-4.716992663173741
-9.847453130435749
1.9560782495635292
-.7373803227790083
5.352694530952174
16.09804336850924
19.799508493069432
9.507938768226966
10.197424607298373
-6.897903474284972
2.9133980726325475
1.330052195564555
1.410258084458997
-4.3963718772324345
-6.449695902159849
-14.018658476787774
-14.41081478756588
-15.840227403061235
-13.302902710368098
-4.931020365490133
-9.646825812032988
-12.731394789883725
-9.202158603536084
-15.394701702933553
-15.278918544439733
-5.4399439650762895
-5.243609075729701
-14.422067970563617
-16.613277148053697
-2.4718342282467765
-11.50553024529136
-7.813227552508367
-15.481797922602876
.019666806205094645
4.622903867798203
-8.601862649689627
-2.649429591379299
-2.628739729075595
-.11972629968475523
-16.134269614121408
-12.73253235805095
-8.905168742892352
-3.2006590631475667
-7.126446040225922
-7.286236978100979
-7.750870150970074
10.252942339565486
-5.420051724484898
-7.61981901065112
1.3958425248399564
.9281199566249883
-.9772145943129438
1.2400941021353207
5.265241837521909
-7.160823242562602
6.600855884018707
7.3788571413669715
2.1672517557913693
-16.710922020925516
-9.522823073274576
-4.002908315515263
-4.398114384056626
6.29733258149623
-4.664956520836804
-9.091841623937452
-6.231983599250431
-6.833462254145178
-1.6332697966936573
1.3947079170867487
-4.784488654521841
.03620289769194596
6.709848624258445
-2.099886009233205
-.2331614279987333
7.640670580428442
3.3705254342803603
-2.856644367288779
-14.101317437483289
-2.131368035546099
10.674368259316687
11.271361264029181
-.8061442135419485
-15.466601125429001
1.5525197569666171
-5.454287183752141
-7.4099111961380535
-18.64058670157289
-17.924790570701788
-6.440185455555219
-23.255858622479323
-24.550089981701575
1.6717768631939864
-5.190503914570567
-7.425591474732229
-5.215335242158827
-.48345838455800383
-.4102752417031441
.05390625277688077
-10.095677586964081
.11469554030033713
2.2924349051342157
2.5367831212995906
-13.684735734941125
-19.284584101920373
-8.053965878928366
-14.675422987716136
-13.760421263283328
-11.945284152329952
-5.86818711981749
-.17510833295597372
-1.8335170416007385
-15.625259268635338
-20.7749521213757
-17.16425245021704
-27.790765972937532
-15.082525236733936
-27.110382245270372
-21.728508530454604
-26.419071416767537
-23.794701221044036
-18.539597715542605
-9.612887201126128
-13.804031170941848
-9.331185427678975
-11.719988171852815
-19.326520863144637
-20.707578451271715
-3.6678826569381275
-.25302545442618873
3.853260579790217
-2.927704188807334
-17.10779504407045
-9.014795263817922
1.221619357357263
13.673806272155117
-8.486096653604513
-3.319268069989297
-9.402168724964476
-22.039186343966136
-25.695011529898878
-15.440913759076778
-1.457473708895412
7.525013921859717
24.957000578517096
-.3848431624759918
-12.578415931992701
-14.086020312175872
-.9457333793726801
1.7306305989909392
-19.863408029669515
-18.37562481719707
-7.368752407449385
-7.337791077553414
-6.1820129599784925
-9.490142944137967
18.995495886969152
13.31621881558408
13.127295786309727
7.780150519353434
-4.434703088786432
-12.010103102446909
-1.2564201174215457
-5.646602239424789
-24.431144410643263
-20.41162511315014
-7.168759351530193
-8.044731599132579
-18.940947365904584
-8.211980356801103
-14.81375465764638
5.408594220422723
-13.40635376682154
-23.492957241320862
-6.873663945197601
-6.373472734359175
-.3069480103477549
-8.546712827502235
1.594713992898779
-6.049616415075557
-4.3660089479009185
-10.476560171780275
-9.964193989368688
-12.899815191008335
-14.629729187249092
-16.50701186658685
-18.255406624767733
-23.575552218190396
-10.384078588844844
-13.49951836850283
-14.129111139971632
-8.628324958935472
-12.168051086052072
-6.28939325636055
-5.7193765632315
1.5499937379341198
-13.630163779998924
-11.458878111651408
-10.07089014950691
-5.995141581385085
1.2887935646972313
-4.342041106897026
3.4595861137426174
7.812184145347139
7.693843534562311
-5.230909707599665
-15.623327598291455
-14.144972966489863
-4.322758296589418
-25.977359578125423
-19.422771483130767
-9.409045321033616
-4.991909227193224
-20.780626890477485
-17.07696870448893
-10.14382108988384
-15.013971855321739
6.616319361223008
-7.143140154642801
-8.65243608426881
6.063085824291505
-2.2767653337784743
-18.50915173465482
-18.189184201350585
-23.726816695341945
-39.08958752318437
-30.52960115442697
-10.800377328724416
1.1006638172103684
-6.043535892830237
-21.12071943115816
-15.193145507130541
-5.031917116839162
-10.83246894512672
-24.53275798252262
-.5743853263092644
10.185639300468033
-17.94601240638309
-13.945979517318689
-8.55815840180271
-1.8334161905629065
-2.002022002313947
2.6371753757877956
-5.047952526134204
-6.389345326727685
-12.553955069083852
-1.8525516553050312
-16.7588143591696
-20.753604292356997
-8.85365195149714
-7.532166230908228
8.943066240067507
1.898107002896714
3.0581342301818735
-6.11409374321981
-12.649206938782239
2.32556425003627
6.229458732694399
2.0575960100723396
-.5280369338287549
2.9854359418081606
-2.970095945654472
18.829913568684866
-2.109070947197302
5.656577756340733
-7.649374415249513
-7.793326103021423
-9.672502179850394
-10.488373293670513
-1.578515953705074
-6.212085823717192
6.477903402263829
10.945799944125273
-9.106950857607197
-14.451281315803673
-18.940326934445046
-17.121213329718874
-10.053045947564424
-16.804764131044948
-10.364523338434319
3.2988823946284853
-4.343494662283663
-15.383843013985842
-12.176348133577083
-16.954332744632147
-34.279360267931146
-16.945933210743952
-17.304308644812778
-9.244167385425914
-5.492449666761686
-11.531108463714935
-2.9380617434423995
-11.911226468346603
-4.072299470212153
-3.145130396727838
.29730658869181514
-1.2490326285262592
9.269109909271391
-.19354483150463864
-.4505214510804114
-13.220182208111066
1.967537009280778
-7.451613725009429
-23.82748063802361
-8.520038159059645
.756906156615218
-3.890317762483545
-.5344022168449967
-8.066529822612294
-12.625767670573648
-13.008511510996534
-13.960781223060515
-11.8275571988475
3.5802783585457663
4.413129591812758
-1.2446402122860833
-12.864158178106516
-5.811962554144484
-8.272051180823176
6.426110728168574
9.651674704451663
4.974237265923097
-3.7376494588377263
-4.68770316888087
-5.3895262498691885
-5.138781913544793
-2.019998867257657
-3.834159614438456
-10.139349556276617
-17.331903031988944
-17.13424885805918
-6.710767872801678
-8.14802139085586
5.5390644630005985
-1.715712971476651
2.80863052584544
-3.780717045199145
1.7430775396830325
-7.1631594205727565
-14.530979537519324
-13.91931531301995
-14.598579829369678
-8.17855635948906
5.239008049539027
7.466429299574204
-5.711855711199172
-7.64753047250622
4.445151908322546
-22.674765511737284
-9.960182038993295
-6.632202910868822
-16.66733998116868
-10.11184878904713
-23.422727088748857
-18.705841414744913
-5.571493033566419
-11.345982592446202
-14.099377170662457
-10.229345025230838
1.9973668573929253
-19.23988094553571
-9.704872114123285
-6.082096903221024
2.90736245135537
2.6204007069351114
1.8208843326368658
-11.940594927456642
-5.521987437428512
-7.18986191778959
16.612672498445264
.4515331614308822
-18.554826455752686
-15.81538726649404
1.8595205988148307
9.216148044422205
-1.607784434472646
-4.354797826294343
8.012600016843399
1.6426719455509016
-6.416769857026186
5.974949419934443
16.603404424839077
-.1445878923544539
1.101190137994315
-1.5533612121546103
2.7416454582976693
-15.619706342457793
-9.017091146095115
11.217122477714724
-2.4214238921484847
.6493290448312519
-11.235882281640539
-6.843051297544446
-6.2403109295837975
-.3537922428482263
-7.49250821197069
-15.666955979516807
-18.952956815829037
-21.851134103401133
-14.689113615373543
1.3650397968646555
-16.545787099193394
-13.540310013365545
-11.469504544550851
-19.861854485795618
-9.045214042198975
.4800666779804743
-18.074580142652664
-20.20919078588163
-12.337733765133832
-8.826377434891914
-3.6441811341188997
21.18487913696817
-8.048071192647233
-14.176574451474849
-9.69285982654195
-19.342366619728452
-7.014223676984887
-2.2802280133631054
-18.67023750735649
-5.902803409802932
-7.2167107181773975
3.450630735042523
-9.130218756378184
-8.375369327415136
-6.121447213657901
2.224197145736116
-8.918906104131308
1.2466093352258474
-7.719413711317042
.016363752155033495
4.9409396816300575
-10.575105626692523
-3.1839609301826037
-10.291745547681508
-28.398099739428535
-15.83516089474664
2.3781699811605383
1.8087500955328712
3.9455347551099527
-9.910389977434132
-25.848500896464614
-25.218709588809112
-22.023437537086735
-8.405666152139796
-38.62115537198957
-23.925075456362052
-15.518441730525948
-.17666117720502061
-3.7715749719508396
-10.329778731801458
-7.318018657267143
-28.50061045525713
-8.134409354555654
12.946275397749435
5.3984227529589255
6.7692691772339995
14.994913650421374
-2.4287944155999375
-5.089461941080404
-14.584501810455953
-5.716625485760403
1.7737889644825557
-13.445584648284456
-24.605045668990083
-15.679238927366008
-10.316061844199497
.07736366332669808
16.06773645036431
11.284930319189767
.19212454359758802
-17.656013549496336
-9.664117271264196
-7.6627227442011785
-4.121068613750942
-.22526845400220985
-11.148371468299356
-12.719552432121617
-20.704135107376533
-25.454093779697175
-13.287471870671196
-15.766275633581387
-.39553541758454713
-17.735166156638336
-23.189659625171586
-17.579562490735064
-19.588001295435223
-7.55462299003349
-6.980222543802851
-4.641799333151944
-25.720209439670814
-9.983862983717469
-2.00507240067229
-6.243150212721849
9.928821014493167
.3700401383895544
2.072642143360085
-5.423769369881049
-5.997832772020688
-18.928888223666764
3.3226359334568274
-3.76542404944239
-8.46783967353384
-6.14788691630574
-8.847043916612554
-2.013810054661442
-3.7118243786307987
-5.358630743214533
6.471214323598682
7.538509232086213
-9.376831621065389
-22.239791118266062
-29.693472438783672
-3.086843802138039
-2.5578804649508884
-2.8041856931147096
-9.679879253611183
3.9851786760360888
-4.441686878256212
-11.13337164733003
5.334076790298097
-2.899916612438367
-5.635475766746247
-14.612401290904021
-10.764920614175493
-10.280867995983453
-30.748761320731827
-11.411640542894911
-12.30159237899825
-2.9610982931648326
10.422803603862903
9.370456851359027
7.7927964734281945
-5.992040135153489
-12.43427532824407
-13.99161844885262
-9.903189106576802
-22.354905418331704
-3.435379386335289
-17.141839506385292
-15.276984052419905
-12.215164732019346
-8.083642111556346
-18.57541932740987
-23.91240753393716
-13.061692543488526
-10.553010716127732
-7.591435811004908
-12.925049184798851
-14.317563679140441
-1.1765014948975696
-2.173086223090958
-11.4586388737378
-18.77358730624796
-12.234429989836958
-16.748528872805608
-16.73728591620699
-25.444051938405263
-16.358917076652087
6.208857949230571
-5.7354767741768224
1.3309727302525132
-6.719311758017161
-2.4767290258783117
-3.7114338266627587
-9.823835201167967
-.9425131614835642
-5.03375122432979
-5.301526819530822
-5.897971493445325
-11.442716117212948
-6.385473837671803
-.5719166431039975
-4.173867985183858
-1.3507705557087268
-6.342221203620291
-2.8405192407282427
-12.454527492788802
-4.692050414671214
-11.28288658571919
-11.410886378222509
-5.678286875345548
-.3043281417894259
-12.454843019985177
-6.08584994092223
-12.491798892705955
.9895963638408682
-.7467735521389787
3.5520849815175515
-9.289247076558317
-6.032724399541554
-18.390532661142693
-10.93873067400774
-10.799876484185875
-9.456295353399307
-14.289331633916355
-17.159265381151997
-21.901376663690105
-10.038964721778926
-8.921776263024432
-12.665727359145302
-16.680321513186414
.5983042579701392
-2.2484627660393297
-.7373582962998819
3.936471001976364
.7372295695561242
