  4.379999375879
  4.403437920333
  4.426876464786
  4.576014419136
  4.725152373486
  4.670483265160
  4.615814156834
  4.669692618020
  4.723571079207
  4.569024552203
  4.414478025200
  4.519414614563
  4.624351203925
  4.529110066556
  4.433868929186
  4.685528513996
  4.937188098806
  4.730925164175
  4.524662229544
  4.690560872392
  4.856459515240
  4.884309744939
  4.912159974637
  4.876218266258
  4.840276557878
  4.833434755339
  4.826592952799
  4.787705252711
  4.748817552623
  4.819170303876
  4.889523055129
  4.925922391660
  4.962321728191
  4.970879207061
  4.979436685932
  5.183414868066
  5.387393050201
  5.339169757495
  5.290946464788
  5.220311764791
  5.149677064794
  5.190391511149
  5.231105957505
  5.335181914619
  5.439257871733
  5.384907430567
  5.330556989402
  5.097417583134
  4.864278176866
  5.203764801738
  5.543251426610
  5.481300482458
  5.419349538306
  5.526428029293
  5.633506520280
  5.521562873318
  5.409619226355
  5.345403125274
  5.281187024192
  5.223814635622
  5.166442247052
  5.186960579732
  5.207478912412
  5.156935979767
  5.106393047123
  5.049490507180
  4.992587967237
  5.206183933820
  5.419779900403
  5.388230044404
  5.356680188405
  5.378536843563
  5.400393498720
  5.296630741561
  5.192867984402
  5.104164763160
  5.015461541918
  5.001460936409
  4.987460330901
  5.004902040701
  5.022343750501
  4.877318275141
  4.732292799781
  4.971738919875
  5.211185039968
  4.980616993438
  4.750048946909
  4.656140774222
  4.562232601535
  4.587303832092
  4.612375062648
  4.553555011009
  4.494734959370
  4.408743315003
  4.322751670635
  4.385915058731
  4.449078446827
  4.430113426263
  4.411148405699
  4.559635034874
  4.708121664048
  4.650923837208
  4.593726010368
  4.465849958085
  4.337973905803
  4.507563574672
  4.677153243540
  4.787419667243
  4.897686090945
  4.973022694518
  5.048359298091
  4.827235120515
  4.606110942939
  4.791587791272
  4.977064639606
  4.791219753842
  4.605374868078
  4.675675131579
  4.745975395079
  4.585078389287
  4.424181383495
  4.416885673402
  4.409589963308
  4.478685646339
  4.547781329369
  4.523212437252
  4.498643545135
  4.545038871700
  4.591434198264
  4.467752805226
  4.344071412188
  4.350381909327
  4.356692406465
  4.319061074129
  4.281429741792
  4.470582949488
  4.659736157183
  4.300368293861
  3.941000430539
  4.140324943950
  4.339649457361
  4.456319074132
  4.572988690903
  4.414250693544
  4.255512696186
  4.344903066949
  4.434293437712
  4.468125906225
  4.501958374739
  4.344815614456
  4.187672854173
  4.202339128746
  4.217005403320
  4.290002438390
  4.362999473460
  4.470246986132
  4.577494498805
  4.555707766012
  4.533921033219
  4.442164209981
  4.350407386743
  4.228799817255
  4.107192247768
  4.219168770029
  4.331145292289
  4.438664950521
  4.546184608754
  4.450021610335
  4.353858611917
  4.323620483105
  4.293382354293
  4.081940579958
  3.870498805623
  3.972866295317
  4.075233785011
  4.070247457846
  4.065261130680
  4.026427933948
  3.987594737216
  4.011951217265
  4.036307697314
  3.984056725016
  3.931805752718
  3.938833208123
  3.945860663529
  3.864792138314
  3.783723613100
  3.882425719873
  3.981127826647
  4.187651525815
  4.394175224983
  4.530132008125
  4.666088791266
  4.478568339921
  4.291047888576
  4.134080930955
  3.977113973334
  3.972877458724
  3.968640944114
  3.847778118634
  3.726915293154
  3.896006691142
  4.065098089130
  3.903109553380
  3.741121017630
  3.816673266534
  3.892225515438
  3.887059311956
  3.881893108475
  3.747239896920
  3.612586685365
  3.642306066410
  3.672025447454
  3.502904657011
  3.333783866568
  3.706203293503
  4.078622720438
  3.959892081522
  3.841161442607
  3.650371924391
  3.459582406175
  3.537989310808
  3.616396215441
  3.603294080979
  3.590191946518
  3.639286251466
  3.688380556414
  3.603579713107
  3.518778869800
  3.648234663864
  3.777690457927
  3.745306826026
  3.712923194124
  3.756045872935
  3.799168551746
  3.884356063772
  3.969543575799
  3.949076578750
  3.928609581701
  3.952204913659
  3.975800245616
  4.017816141281
  4.059832036945
  3.879884790646
  3.699937544346
  3.585372833913
  3.470808123479
  3.597844804241
  3.724881485003
  3.760576004538
  3.796270524073
  3.709541376370
  3.622812228666
  3.544272383561
  3.465732538456
  3.490337265476
  3.514941992495
  3.432038891138
  3.349135789781
  3.423289776550
  3.497443763318
  3.586402973216
  3.675362183113
  3.623130204471
  3.570898225829
  3.416426270757
  3.261954315685
  3.226574593149
  3.191194870614
  3.409588952539
  3.627983034464
  3.615510657150
  3.603038279835
  3.834902688615
  4.066767097394
  3.800418885655
  3.534070673916
  3.498269604955
  3.462468535994
  3.407127834448
  3.351787132903
  3.321447861348
  3.291108589793
  3.335958379274
  3.380808168755
  3.514677635354
  3.648547101954
  3.799145958669
  3.949744815384
  3.830464029645
  3.711183243905
  3.699862271412
  3.688541298918
  3.758355376815
  3.828169454712
  3.785608733362
  3.743048012012
  3.839699368405
  3.936350724799
  3.749629976991
  3.562909229184
  3.467325199888
  3.371741170593
  3.446025744270
  3.520310317948
  3.421085870270
  3.321861422593
  3.143525124789
  2.965188826984
  3.066136269135
  3.167083711286
  3.225291345705
  3.283498980124
  3.274802458158
  3.266105936192
  3.204069076546
  3.142032216899
  3.231962069422
  3.321891921946
  3.443186387936
  3.564480853927
  3.599702534879
  3.634924215832
  3.605590398332
  3.576256580831
  3.572776911983
  3.569297243136
  3.556790571116
  3.544283899097
  3.528354892067
  3.512425885037
  3.605494543788
  3.698563202539
  3.731196472783
  3.763829743027
  3.953825089605
  4.143820436184
  4.143813586397
  4.143806736610
  4.244467062735
  4.345127388860
  4.343927041618
  4.342726694376
  4.314084399675
  4.285442104974
  4.406028846809
  4.526615588644
  4.468166633750
  4.409717678857
  4.308338996859
  4.206960314860
  4.249078842005
  4.291197369149
  4.293757830099
  4.296318291049
  4.293414446196
  4.290510601342
  4.241800320055
  4.193090038769
  4.142278342591
  4.091466646413
  4.241175545164
  4.390884443916
  4.711649509322
  5.032414574728
  5.107226636564
  5.182038698401
  5.429413606041
  5.676788513681
  5.573670268584
  5.470552023488
  5.426140887014
  5.381729750540
  5.350826540103
  5.319923329665
  5.375887310824
  5.431851291983
  5.308809077785
  5.185766863587
  5.450159709763
  5.714552555940
  5.663568604398
  5.612584652857
  5.558454549354
  5.504324445851
  5.520528925720
  5.536733405589
  5.484719122750
  5.432704839911
  5.469564637655
  5.506424435400
  5.604271355308
  5.702118275216
  5.667382385147
  5.632646495078
  5.437827690417
  5.243008885755
  5.328097399549
  5.413185913343
  5.255253541671
  5.097321170000
  5.081090537520
  5.064859905040
  4.980567503507
  4.896275101973
  5.017097979316
  5.137920856658
  5.072226723381
  5.006532590103
  5.146821570600
  5.287110551097
  5.085998060438
  4.884885569779
  4.920270312420
  4.955655055062
  4.903718408977
  4.851781762893
  4.860280385413
  4.868779007933
  4.948467241818
  5.028155475704
  5.032689990375
  5.037224505045
  4.992236803358
  4.947249101670
  4.756370759645
  4.565492417621
  4.539525807515
  4.513559197410
  4.599848468299
  4.686137739189
  4.518401371817
  4.350665004446
  4.354546238279
  4.358427472111
  4.435786649210
  4.513145826309
  4.630560685723
  4.747975545138
  4.942252795830
  5.136530046523
  5.033093567995
  4.929657089466
  4.881873195986
  4.834089302506
  4.667390837658
  4.500692372810
  4.621356753746
  4.742021134682
  4.624454145652
  4.506887156621
  4.670324936784
  4.833762716947
  4.904820904148
  4.975879091349
  5.106651137908
  5.237423184468
  4.903792333815
  4.570161483162
  4.615396249060
  4.660631014959
  4.467367074609
  4.274103134259
  4.350973654408
  4.427844174557
  4.622309971605
  4.816775768654
  4.724582433670
  4.632389098687
  4.602953394788
  4.573517690889
  4.766810152179
  4.960102613469
  4.843453820296
  4.726805027123
  4.721855430093
  4.716905833064
  4.880260533126
  5.043615233188
  4.827077414283
  4.610539595379
  4.725898359859
  4.841257124340
  4.680438332309
  4.519619540279
  4.586651974779
  4.653684409279
  4.758143823328
  4.862603237377
  4.799957075985
  4.737310914593
  4.643270913290
  4.549230911988
  4.598848234903
  4.648465557819
  4.573452783648
  4.498440009478
  4.502252655981
  4.506065302485
  4.337034935529
  4.168004568574
  4.175110961270
  4.182217353967
  4.195826101639
  4.209434849311
  4.266399527254
  4.323364205196
  4.425995107194
  4.528626009193
  4.604321001649
  4.680015994105
  4.916102583902
  5.152189173698
  4.977716384383
  4.803243595067
  4.763293206203
  4.723342817338
  4.567205033095
  4.411067248851
  4.530151771242
  4.649236293634
  4.573409792272
  4.497583290911
  4.526883024704
  4.556182758498
  4.288405426582
  4.020628094665
  3.990865437183
  3.961102779701
  4.067689236591
  4.174275693482
  4.135794182281
  4.097312671081
  4.173511444292
  4.249710217504
  4.339000996787
  4.428291776070
  4.364922086818
  4.301552397565
  4.344145311571
  4.386738225577
  4.454527741364
  4.522317257150
  4.456586652131
  4.390856047113
  4.229044807932
  4.067233568751
  4.046142842023
  4.025052115296
  4.016032978963
  4.007013842630
  3.841142048773
  3.675270254916
  3.907686896479
  4.140103538043
  3.961553360299
  3.783003182555
  3.678674242103
  3.574345301650
  3.533737244794
  3.493129187939
  3.529872865619
  3.566616543300
  3.650871162641
  3.735125781983
  4.058136841319
  4.381147900655
  4.138350680672
  3.895553460689
  4.145704139546
  4.395854818404
  4.321795770176
  4.247736721947
  4.413427613866
  4.579118505785
  4.498150699739
  4.417182893693
  4.189028975242
  3.960875056791
  4.061834528397
  4.162794000004
  4.116261462168
  4.069728924332
  3.826332016866
  3.582935109399
  3.491493322620
  3.400051535840
  3.493818886987
  3.587586238134
  3.435303770812
  3.283021303490
  3.399912433537
  3.516803563584
  3.327333746734
  3.137863929885
  3.328483010375
  3.519102090864
  3.485839013419
  3.452575935973
  3.497534216965
  3.542492497957
  3.538821995849
  3.535151493742
  3.538366061396
  3.541580629049
  3.580201248743
  3.618821868437
  3.446344637976
  3.273867407516
  3.307334418376
  3.340801429236
  3.194512656363
  3.048223883490
  3.137793294295
  3.227362705101
  3.387966689265
  3.548570673428
  3.369957814596
  3.191344955764
  2.973415399896
  2.755485844028
  2.867342676189
  2.979199508350
  3.032665621768
  3.086131735185
  3.000526609774
  2.914921484362
  2.993536232445
  3.072150980528
  3.106798868463
  3.141446756398
  2.955358488958
  2.769270221518
  2.864228613331
  2.959187005144
  2.891411163793
  2.823635322441
  2.718004216817
  2.612373111194
  2.617416183706
  2.622459256218
  2.713075885844
  2.803692515470
  2.826934392736
  2.850176270002
  2.949561217433
  3.048946164864
  3.118735711749
  3.188525258633
  3.281615429485
  3.374705600337
  3.231821753282
  3.088937906226
  3.042510394112
  2.996082881998
  3.208045909468
  3.420008936939
  3.399010326077
  3.378011715214
  3.336714348756
  3.295416982299
  3.330056988982
  3.364696995664
  3.534165123035
  3.703633250406
  3.730034846232
  3.756436442059
  3.889855184079
  4.023273926099
  3.840811905065
  3.658349884030
  3.761685242818
  3.865020601607
  3.986115860297
  4.107211118988
  3.902279148732
  3.697347178477
  3.800421850757
  3.903496523037
  3.974591844310
  4.045687165583
  3.861161895363
  3.676636625142
  3.670489513807
  3.664342402472
  3.781137117779
  3.897931833085
  3.952652147396
  4.007372461706
  4.101402393399
  4.195432325091
  4.331358699829
  4.467285074567
  4.416575139860
  4.365865205153
  4.643987778146
  4.922110351140
  4.865860808140
  4.809611265140
  4.843375965274
  4.877140665407
  5.004073820244
  5.131006975080
  5.278831839811
  5.426656704541
  5.381661693702
  5.336666682862
  5.138986757927
  4.941306832991
  4.753553188893
  4.565799544795
  4.793423258707
  5.021046972618
  4.991591472047
  4.962135971476
  4.687149500599
  4.412163029722
  4.603591753784
  4.795020477846
  4.640975703079
  4.486930928311
  4.485092338295
  4.483253748280
  4.414520050325
  4.345786352370
  4.346768824346
  4.347751296323
  3.922146867753
  3.496542439184
  3.692959057797
  3.889375676410
  3.939590917571
  3.989806158733
  3.747583446605
  3.505360734478
  3.540188248740
  3.575015763001
  3.699694749391
  3.824373735781
  3.702373329238
  3.580372922695
  3.473548382000
  3.366723841305
  3.351379903899
  3.336035966492
  3.562583609009
  3.789131251526
  3.579826933272
  3.370522615018
  3.461967025245
  3.553411435472
  3.540717006125
  3.528022576778
  3.485161351863
  3.442300126947
  3.483643890057
  3.524987653167
  3.480910726502
  3.436833799838
  3.356239954648
  3.275646109458
  3.172496225377
  3.069346341297
  2.992735648009
  2.916124954721
  2.983325831253
  3.050526707786
  3.241893740408
  3.433260773030
  3.435693784238
  3.438126795447
  3.416000335432
  3.393873875418
  3.451971428549
  3.510068981681
  3.517854859543
  3.525640737406
  3.481116715310
  3.436592693214
  3.566712002705
  3.696831312196
  3.769269287457
  3.841707262718
  3.967038108932
  4.092368955146
  4.155032584972
  4.217696214798
  3.984123349679
  3.750550484559
  3.801742649365
  3.852934814170
  3.657705998281
  3.462477182393
  3.582152846816
  3.701828511240
  3.579846103144
  3.457863695049
  3.495810013044
  3.533756331039
  3.390531919540
  3.247307508041
  3.381703745906
  3.516099983770
  3.676771377328
  3.837442770886
  3.732918397935
  3.628394024984
  3.769376036073
  3.910358047162
  3.986452180948
  4.062546314733
  3.957118624665
  3.851690934597
  3.966511142165
  4.081331349734
  4.111139105420
  4.140946861107
  4.016870463266
  3.892794065426
  3.888294334269
  3.883794603112
  3.884124797485
  3.884454991858
  3.792564739019
  3.700674486180
  3.729778274036
  3.758882061893
  3.858804977058
  3.958727892223
  4.007555840408
  4.056383788592
  4.102771287549
  4.149158786507
  4.000793154890
  3.852427523274
  3.957707590867
  4.062987658460
  3.885479773979
  3.707971889498
  3.708077534345
  3.708183179192
  3.763155672271
  3.818128165350
  3.771078513701
  3.724028862052
  3.639358247752
  3.554687633453
  3.654513092532
  3.754338551610
  3.717959134664
  3.681579717718
  3.640115716041
  3.598651714364
  3.750869143923
  3.903086573482
  3.826714551068
  3.750342528655
  3.648201360600
  3.546060192545
  3.622141574328
  3.698222956110
  3.867180179170
  4.036137402230
  4.019240111108
  4.002342819986
  3.923385807602
  3.844428795217
  3.865919855714
  3.887410916212
  3.552455799761
  3.217500683310
  3.257847459237
  3.298194235164
  3.297078120277
  3.295962005391
  3.474879808767
  3.653797612143
  3.672351611493
  3.690905610843
  3.551291218286
  3.411676825729
  3.482883329715
  3.554089833701
  3.490256298210
  3.426422762718
  3.372123786457
  3.317824810195
  3.112128359485
  2.906431908776
  3.054096489364
  3.201761069953
  3.327477019341
  3.453192968729
  3.415686940122
  3.378180911516
  3.622862495229
  3.867544078941
  3.582371786993
  3.297199495045
  3.365030171323
  3.432860847601
  3.577699910887
  3.722538974172
  3.857900890804
  3.993262807436
  3.803555695602
  3.613848583767
  3.555921602752
  3.497994621737
  3.657295462479
  3.816596303220
  3.774158786982
  3.731721270745
  3.685093999680
  3.638466728615
  3.595183672321
  3.551900616027
  3.588251416078
  3.624602216129
  3.471419555021
  3.318236893912
  3.475526399875
  3.632815905838
  3.683260705148
  3.733705504458
  3.642143738200
  3.550581971942
  3.531335823965
  3.512089675989
  3.792363844890
  4.072638013791
  4.184830167821
  4.297022321851
  4.169283964410
  4.041545606970
  4.068246494012
  4.094947381054
  3.942162116571
  3.789376852087
  3.940023424124
  4.090669996162
  4.120463930432
  4.150257864702
  4.022577892408
  3.894897920114
  4.009858162195
  4.124818404276
  4.211329958859
  4.297841513443
  4.604276562068
  4.910711610693
  4.869309487695
  4.827907364697
  4.846080652250
  4.864253939803
  4.859743116515
  4.855232293227
  4.563155733007
  4.271079172788
  4.331177044383
  4.391274915978
  4.473700016092
  4.556125116205
  4.546001633223
  4.535878150241
  4.492386802400
  4.448895454560
  4.452966142263
  4.457036829966
  4.303988624547
  4.150940419129
  4.190289911818
  4.229639404507
  4.373128163721
  4.516616922935
  4.431317397166
  4.346017871396
  4.247547103718
  4.149076336040
  3.952089040462
  3.755101744883
  3.893937543297
  4.032773341710
  4.186115271496
  4.339457201281
  4.277853898551
  4.216250595821
  4.188956534522
  4.161662473223
  4.193971704316
  4.226280935410
  4.493297084978
  4.760313234547
  4.491330528046
  4.222347821545
  4.414844637447
  4.607341453350
  4.509741732545
  4.412142011740
  4.427807772410
  4.443473533080
  4.399338270515
  4.355203007949
  4.353903956492
  4.352604905035
  4.231523196123
  4.110441487212
  4.237581730924
  4.364721974636
  4.385280320743
  4.405838666850
  4.151244963414
  3.896651259977
  3.944245739791
  3.991840219605
  4.114845077064
  4.237849934522
  4.087884458486
  3.937918982449
  3.857310770635
  3.776702558820
  3.808626770666
  3.840550982512
  3.976217385389
  4.111883788265
  4.030833073733
  3.949782359201
  3.934368447419
  3.918954535638
  4.053889192555
  4.188823849473
  4.197115397309
  4.205406945144
  4.185418656805
  4.165430368466
  4.207839149026
  4.250247929586
  4.273801324286
  4.297354718985
  4.424972482165
  4.552590245344
  4.437461255501
  4.322332265658
  4.151343633053
  3.980355000448
  3.854658193648
  3.728961386848
  3.591478379891
  3.453995372933
  3.336724978780
  3.219454584626
  3.373922537195
  3.528390489765
  3.504281794344
  3.480173098924
  3.463780116886
  3.447387134848
  3.531417932771
  3.615448730694
  3.648830655334
  3.682212579974
  3.892513731355
  4.102814882736
  4.173321629413
  4.243828376090
  4.220682985792
  4.197537595494
  4.297542873574
  4.397548151655
  4.409785172562
  4.422022193470
  4.224809347435
  4.027596501400
  4.143230753397
  4.258865005394
  4.230450735570
  4.202036465747
  4.338396792408
  4.474757119069
  4.409146390942
  4.343535662814
  4.428547051047
  4.513558439279
  4.593531925168
  4.673505411058
  4.691902440386
  4.710299469714
  4.606270870905
  4.502242272096
  4.577258300745
  4.652274329394
  4.502742949867
  4.353211570341
  4.125619613110
  3.898027655879
  3.775583322769
  3.653138989660
  3.713000871439
  3.772862753217
  3.912425070381
  4.051987387545
  4.054865448161
  4.057743508778
  4.137384995175
  4.217026481573
  4.103874315778
  3.990722149982
  3.981580374638
  3.972438599294
  3.761581224756
  3.550723850217
  3.607723083919
  3.664722317622
  3.787694953664
  3.910667589707
  3.752861745186
  3.595055900665
  3.516102584395
  3.437149268125
  3.483121889978
  3.529094511831
  3.423198737533
  3.317302963236
  3.440921891322
  3.564540819407
  3.562772175560
  3.561003531713
  3.437575488902
  3.314147446090
  3.442621732184
  3.571096018277
  3.697261200059
  3.823426381842
  3.841031774761
  3.858637167680
  3.849182240598
  3.839727313516
  3.819711963100
  3.799696612684
  3.639449300064
  3.479201987445
  3.512043710069
  3.544885432693
  3.424993658052
  3.305101883410
  3.370398649850
  3.435695416290
  3.382523967533
  3.329352518776
  3.201391087436
  3.073429656096
  3.018930888350
  2.964432120604
  3.056557271540
  3.148682422476
  3.239809822055
  3.330937221634
  3.330103675887
  3.329270130141
  3.332561840398
  3.335853550655
  3.388288270546
  3.440722990437
  3.487657604214
  3.534592217991
  3.554322342052
  3.574052466113
  3.406740803240
  3.239429140366
  3.263920044541
  3.288410948716
  3.291441785550
  3.294472622384
  3.271476914099
  3.248481205813
  3.074264797754
  2.900048389695
  3.099719459349
  3.299390529003
  3.341349874774
  3.383309220545
  3.460544617898
  3.537780015250
  3.433182033592
  3.328584051935
  3.552614141819
  3.776644231703
  3.633749790190
  3.490855348678
  3.510984358140
  3.531113367602
  3.704904830926
  3.878696294250
  3.878316794345
  3.877937294440
  3.652583215567
  3.427229136694
  3.430404545136
  3.433579953578
  3.561515768122
  3.689451582666
  3.675598910057
  3.661746237449
  3.443866162630
  3.225986087811
  3.416696245620
  3.607406403428
  3.619924163683
  3.632441923937
  3.644895866980
  3.657349810024
  3.588051189568
  3.518752569112
  3.515040435990
  3.511328302869
  3.578480199457
  3.645632096046
  3.652139956488
  3.658647816930
  3.479766862846
  3.300885908763
  3.460193017385
  3.619500126006
  3.747455753897
  3.875411381787
  3.849976957184
  3.824542532580
  3.695482260022
  3.566421987463
  3.702908597594
  3.839395207725
  4.058089813663
  4.276784419601
  4.215383860250
  4.153983300899
  3.996115975509
  3.838248650119
  3.885659640580
  3.933070631042
  3.915422911880
  3.897775192718
  3.909740778178
  3.921706363638
  3.962741687283
  4.003777010929
  4.241843724514
  4.479910438099
  4.562000904743
  4.644091371387
  4.460107027767
  4.276122684147
  4.167638809904
  4.059154935661
  4.079201167425
  4.099247399190
  4.171262897097
  4.243278395003
  4.244252249683
  4.245226104363
  4.214368324728
  4.183510545093
  4.314807686020
  4.446104826947
  4.307450849621
  4.168796872296
  4.533994589451
  4.899192306606
  4.698035006215
  4.496877705825
  4.620163896832
  4.743450087840
  4.625192374744
  4.506934661648
  4.460125231113
  4.413315800578
  4.432118255414
  4.450920710249
  4.426258117495
  4.401595524741
  4.479329110573
  4.557062696405
  4.480832570502
  4.404602444598
  4.421792447394
  4.438982450190
  4.359295662709
  4.279608875229
  4.544850970890
  4.810093066552
  4.672315389478
  4.534537712404
  4.364437219017
  4.194336725631
  4.093966117512
  3.993595509393
  3.933846025595
  3.874096541797
  3.940471368477
  4.006846195157
  3.932741018585
  3.858635842013
  3.808202473370
  3.757769104726
  3.826788349479
  3.895807594231
  3.864453548245
  3.833099502259
  3.606755173979
  3.380410845698
  3.458677057676
  3.536943269653
  3.502015517578
  3.467087765503
  3.589923081097
  3.712758396691
  3.732608708714
  3.752459020736
  3.799856052392
  3.847253084048
  3.656591054722
  3.465929025397
  3.458039488524
  3.450149951650
  3.339440130941
  3.228730310232
  3.165590759004
  3.102451207775
  3.089721099758
  3.076990991740
  3.060878031891
  3.044765072042
  3.043499982834
  3.042234893626
  3.027720881435
  3.013206869245
  2.882319740351
  2.751432611457
  2.688438011730
  2.625443412003
  2.712136627100
  2.798829842197
  2.640025528754
  2.481221215310
  2.549870007596
  2.618518799881
  2.833418776728
  3.048318753574
  3.077070877930
  3.105823002287
  3.032797406821
  2.959771811356
  3.097286493850
  3.234801176344
  3.198474231422
  3.162147286500
  3.171661184199
  3.181175081898
  3.354725598671
  3.528276115443
  3.589167721393
  3.650059327343
  3.526694888564
  3.403330449785
  3.402321073969
  3.401311698154
  3.538422234128
  3.675532770101
  3.550201781327
  3.424870792552
  3.450888576336
  3.476906360120
  3.478460985734
  3.480015611349
  3.518937271896
  3.557858932443
  3.513192895252
  3.468526858061
  3.510857376453
  3.553187894844
  3.393075201772
  3.232962508701
  3.354731039003
  3.476499569305
  3.434752220124
  3.393004870943
  3.519677144178
  3.646349417414
  3.474100572819
  3.301851728225
  3.314531088629
  3.327210449034
  3.577043162467
  3.826875875900
  3.666962299539
  3.507048723177
  3.570773690875
  3.634498658573
  3.576478577010
  3.518458495448
  3.517667479366
  3.516876463284
  3.547710322512
  3.578544181739
  3.621140707095
  3.663737232450
  3.567981540386
  3.472225848322
  3.448178402795
  3.424130957268
  3.750696662767
  4.077262368266
  3.793769322326
  3.510276276386
  3.528350249032
  3.546424221679
  3.424081757230
  3.301739292782
  3.297000382050
  3.292261471319
  3.389862958025
  3.487464444731
  3.582302941314
  3.677141437897
  3.695172543622
  3.713203649347
  3.833859804915
  3.954515960482
  4.153587159544
  4.352658358606
  4.272059020973
  4.191459683341
  4.011563434934
  3.831667186528
  3.842979143855
  3.854291101182
  4.009820093375
  4.165349085569
  4.120827228245
  4.076305370921
  4.040153756475
  4.004002142029
  4.054999005809
  4.105995869589
  4.101370138299
  4.096744407008
  4.072056645462
  4.047368883916
  3.933102820904
  3.818836757892
  3.798858912335
  3.778881066779
  3.896981265061
  4.015081463344
  3.771009500327
  3.526937537310
  3.541160002787
  3.555382468264
  3.541019337367
  3.526656206469
  3.727657313176
  3.928658419883
  3.807376341425
  3.686094262968
  3.553147359568
  3.420200456168
  3.530995088684
  3.641789721199
  3.597321150549
  3.552852579898
  3.550470715813
  3.548088851727
  3.666480869150
  3.784872886573
  3.766810473611
  3.748748060650
  3.712127763435
  3.675507466221
  3.794924279637
  3.914341093054
  4.025416086031
  4.136491079008
  4.026647455405
  3.916803831803
  3.839550716617
  3.762297601431
  3.842152552591
  3.922007503751
  4.012911952877
  4.103816402002
  4.145523289641
  4.187230177279
  4.226870581928
  4.266510986576
  4.255144763856
  4.243778541136
  4.163703246923
  4.083627952711
  4.136716930123
  4.189805907535
  4.231630693214
  4.273455478894
  4.452008581610
  4.630561684325
  4.471696158389
  4.312830632453
  4.285356915645
  4.257883198837
  4.338875037119
  4.419866875401
  4.632728419750
  4.845589964098
  4.670395251290
  4.495200538481
  4.488265272804
  4.481330007127
  4.555491802315
  4.629653597502
  4.427316729909
  4.224979862315
  4.134244235623
  4.043508608931
  4.166542157040
  4.289575705149
  4.449611516328
  4.609647327507
  4.423223670909
  4.236800014312
  4.452036690041
  4.667273365769
  4.571743551167
  4.476213736564
  4.497364493510
  4.518515250456
  4.611394411648
  4.704273572841
  4.778318564506
  4.852363556171
  4.646611008251
  4.440858460331
  4.521716279842
  4.602574099353
  4.759518697701
  4.916463296049
  4.790768383494
  4.665073470939
  4.603861215892
  4.542648960845
  4.450354043871
  4.358059126897
  4.563038434386
  4.768017741874
  4.733870222743
  4.699722703612
  4.572518959845
  4.445315216077
  4.330191626089
  4.215068036101
  4.468623116947
  4.722178197792
  4.769981248500
  4.817784299207
  4.733579881207
  4.649375463207
  4.836294354317
  5.023213245428
  4.920524554224
  4.817835863020
  4.665587765714
  4.513339668408
  4.644162921617
  4.774986174827
  4.697491805893
  4.619997436960
  4.775727391324
  4.931457345689
  4.910001666632
  4.888545987576
  4.906252386094
  4.923958784612
  4.715949989666
  4.507941194720
  4.725886213365
  4.943831232010
  4.930857341380
  4.917883450749
  4.768234260114
  4.618585069478
  4.499654308932
  4.380723548386
  4.483373138486
  4.586022728586
  4.550371443578
  4.514720158570
  4.551737370530
  4.588754582489
  4.585839439913
  4.582924297338
  4.736053310704
  4.889182324070
  4.772483863854
  4.655785403639
  4.559161994158
  4.462538584677
  4.240226073588
  4.017913562498
  4.393846067860
  4.769778573223
  4.632763513485
  4.495748453746
  4.486754645802
  4.477760837857
  4.228156214171
  3.978551590485
  4.165678657901
  4.352805725317
  4.433209708334
  4.513613691352
  4.412059061713
  4.310504432074
  4.240717961966
  4.170931491857
  4.110783183040
  4.050634874223
  3.848808024325
  3.646981174427
  3.671709780365
  3.696438386303
  3.651826636677
  3.607214887052
  3.442645555841
  3.278076224630
  3.255317281679
  3.232558338728
  3.338076559976
  3.443594781224
  3.564829679225
  3.686064577226
  3.726840645208
  3.767616713190
  3.839376779044
  3.911136844898
  3.876248122868
  3.841359400839
  3.984172582008
  4.126985763176
  4.068103815966
  4.009221868756
  3.964689734025
  3.920157599294
  3.940157611326
  3.960157623357
  3.892531206194
  3.824904789031
  3.690577253576
  3.556249718121
  3.739057482708
  3.921865247295
  3.723071051983
  3.524276856670
  3.554330546699
  3.584384236728
  3.683469669437
  3.782555102146
  3.762317965465
  3.742080828785
  3.794625430485
  3.847170032185
  3.846774668395
  3.846379304604
  3.758336426939
  3.670293549273
  3.618190543228
  3.566087537183
  3.530738602006
  3.495389666829
  3.468502351599
  3.441615036369
  3.693104487116
  3.944593937864
  3.920414521163
  3.896235104463
  3.807101568273
  3.717968032082
  3.784255634948
  3.850543237814
  3.970710158810
  4.090877079807
  4.068936882410
  4.046996685013
  4.074147375974
  4.101298066935
  4.024265897055
  3.947233727176
  3.799383762699
  3.651533798222
  3.563785146292
  3.476036494363
  3.578786996449
  3.681537498535
  3.721836066780
  3.762134635025
  3.643718032993
  3.525301430961
  3.898940423983
  4.272579417005
  3.884128930713
  3.495678444422
  3.467282566843
  3.438886689264
  3.352772654233
  3.266658619203
  3.408874121433
  3.551089623663
  3.146643238778
  2.742196853893
  3.073101403670
  3.404005953447
  3.247750145551
  3.091494337655
  3.102120614921
  3.112746892186
  3.137207984857
  3.161669077529
  2.965172213433
  2.768675349338
  2.894306731671
  3.019938114004
  3.000684627417
  2.981431140830
  2.852031061282
  2.722630981734
  3.046735874089
  3.370840766443
  3.159791078291
  2.948741390139
  2.933605614462
  2.918469838785
  3.058541838857
  3.198613838928
  2.911771704414
  2.624929569899
  2.830935889265
  3.036942208630
  3.090586966757
  3.144231724884
  3.051534737174
  2.958837749464
  2.888635844437
  2.818433939411
  3.201606976423
  3.584780013435
  3.623647299890
  3.662514586344
  3.662356355272
  3.662198124199
  3.511861546138
  3.361524968077
  3.301537831525
  3.241550694973
  3.049951214112
  2.858351733250
  3.019251369541
  3.180151005832
  3.319422234254
  3.458693462677
  3.680858308154
  3.903023153632
  3.800999238476
  3.698975323320
  3.515863635883
  3.332751948445
  3.313655184374
  3.294558420303
  3.213489776247
  3.132421132190
  3.206366314149
  3.280311496107
  3.153448122540
  3.026584748973
  3.208237874523
  3.389891000073
  3.248364401672
  3.106837803270
  3.200219956416
  3.293602109562
  3.390830861865
  3.488059614167
  3.337756002842
  3.187452391517
  3.280937886634
  3.374423381751
  3.294041632164
  3.213659882577
  3.195732520880
  3.177805159183
  3.377573264251
  3.577341369319
  3.427915774236
  3.278490179152
  3.182541742065
  3.086593304978
  3.332679433343
  3.578765561708
  3.887891466087
  4.197017370465
  4.197753981958
  4.198490593451
  4.130639905486
  4.062789217521
  3.925168907238
  3.787548596954
  3.738307432951
  3.689066268947
  3.519817051776
  3.350567834605
  3.331793129111
  3.313018423617
  3.516896729469
  3.720775035322
  3.988962789655
  4.257150543988
  4.278409534589
  4.299668525190
  4.523908776398
  4.748149027606
  4.545405004354
  4.342660981101
  4.367034518790
  4.391408056479
  4.223863577130
  4.056319097781
  4.395995576773
  4.735672055764
  4.638528869492
  4.541385683220
  4.496288997133
  4.451192311045
  4.614040864692
  4.776889418338
  4.455151412461
  4.133413406584
  4.269180402282
  4.404947397979
  4.572975193319
  4.741002988659
  4.452782974844
  4.164562961029
  4.083430776359
  4.002298591689
  4.323882607827
  4.645466623966
  4.701512886834
  4.757559149702
  4.851603265144
  4.945647380586
  4.872755054432
  4.799862728279
  4.752246671870
  4.704630615461
  4.634587026120
  4.564543436780
  4.709186231993
  4.853829027206
  4.828294532243
  4.802760037280
  4.732800860964
  4.662841684648
  4.688278652820
  4.713715620993
  4.599089565978
  4.484463510964
  4.519898311044
  4.555333111124
  4.732817611156
  4.910302111187
  4.895268282125
  4.880234453063
  4.835853011180
  4.791471569298
  4.749568726612
  4.707665883925
  4.627504310026
  4.547342736127
  4.626046812467
  4.704750888807
  4.527249295256
  4.349747701705
  4.359857225556
  4.369966749408
  4.432701015757
  4.495435282107
  4.296771907310
  4.098108532513
  4.059460686489
  4.020812840466
  4.009624340974
  3.998435841483
  4.105283280094
  4.212130718705
  4.174434589068
  4.136738459431
  3.976974368226
  3.817210277022
  4.058203256636
  4.299196236250
  4.246188590053
  4.193180943857
  3.900577242894
  3.607973541931
  3.767023617187
  3.926073692443
  3.897618206504
  3.869162720565
  3.876934494515
  3.884706268466
  3.732734781562
  3.580763294657
  3.612608035321
  3.644452775985
  3.786133871152
  3.927814966318
  3.873123741353
  3.818432516387
  3.726017808540
  3.633603100692
  3.444326935002
  3.255050769311
  3.206689423282
  3.158328077252
  3.120590501940
  3.082852926628
  3.105245549749
  3.127638172871
  3.121031316317
  3.114424459763
  3.203183430109
  3.291942400455
  3.448213577524
  3.604484754593
  3.596449304572
  3.588413854551
  3.567543795922
  3.546673737293
  3.538448227951
  3.530222718608
  3.630482008879
  3.730741299150
  3.879516498876
  4.028291698602
  3.740597284891
  3.452902871180
  3.520430857675
  3.587958844170
  3.581943941926
  3.575929039682
  3.574177580701
  3.572426121720
  3.700525405619
  3.828624689519
  3.714019466884
  3.599414244249
  3.523691241344
  3.447968238438
  3.438417092334
  3.428865946229
  3.323500330526
  3.218134714822
  3.289589229530
  3.361043744237
  3.279892003880
  3.198740263523
  3.385090122932
  3.571439982341
  3.560315269665
  3.549190556989
  3.491349308582
  3.433508060174
  3.384342492510
  3.335176924845
  3.493721151585
  3.652265378325
  3.654611014643
  3.656956650960
  3.340374960379
  3.023793269797
  3.229838299735
  3.435883329672
  3.571245926070
  3.706608522468
  3.615384225942
  3.524159929415
  3.525560712203
  3.526961494991
  3.450385983811
  3.373810472630
  3.700409093825
  4.027007715019
  3.719621216488
  3.412234717957
  3.326827581711
  3.241420445464
  3.512489320941
  3.783558196418
  3.944635198774
  4.105712201130
  3.968710075999
  3.831707950868
  3.516164987284
  3.200622023701
  3.363829833718
  3.527037643736
  3.580797542341
  3.634557440946
  3.802653534428
  3.970749627909
  4.228894630170
  4.487039632431
  4.268216970605
  4.049394308779
  4.006259671446
  3.963125034114
  3.970910670636
  3.978696307158
  3.913925579005
  3.849154850852
  3.795108158370
  3.741061465888
  3.724615654524
  3.708169843160
  3.533866573391
  3.359563303622
  3.390621601176
  3.421679898730
  3.400360696507
  3.379041494284
  3.368844247600
  3.358647000916
  3.640804239962
  3.922961479007
  3.944308552661
  3.965655626315
  3.947762119386
  3.929868612458
  4.040672818404
  4.151477024351
  4.069837130587
  3.988197236823
  4.097116996174
  4.206036755525
  4.342757661653
  4.479478567780
  4.329767326946
  4.180056086112
  4.123925737059
  4.067795388006
  4.090305317519
  4.112815247032
  4.089957652798
  4.067100058564
  4.034476592020
  4.001853125475
  4.073290584496
  4.144728043517
  3.951489144965
  3.758250246412
  3.792465500109
  3.826680753805
  3.869859078228
  3.913037402651
  4.055888773935
  4.198740145219
  3.998674589583
  3.798609033946
  3.815666453334
  3.832723872722
  3.756719538432
  3.680715204142
  3.787468402084
  3.894221600026
  4.067977504009
  4.241733407992
  4.231727602258
  4.221721796523
  4.049109707822
  3.876497619121
  3.721401742315
  3.566305865509
  3.675115316994
  3.783924768479
  3.962548121147
  4.141171473815
  4.196897016498
  4.252622559180
  4.375482644716
  4.498342730251
  4.346973789796
  4.195604849341
  4.281996329638
  4.368387809935
  4.550613231944
  4.732838653952
  4.621445997163
  4.510053340374
  4.488922988560
  4.467792636745
  4.266146834499
  4.064501032252
  4.163571275901
  4.262641519551
  4.198036887590
  4.133432255629
  4.196881082432
  4.260329909234
  4.492227968881
  4.724126028528
  4.621878007557
  4.519629986586
  4.585465873007
  4.651301759429
  4.472199090653
  4.293096421876
  4.412540875322
  4.531985328767
  4.620037202970
  4.708089077173
  4.613623402350
  4.519157727526
  4.477982645323
  4.436807563120
  4.394454208611
  4.352100854101
  4.379742550975
  4.407384247848
  4.387838786335
  4.368293324823
  4.237014044081
  4.105734763338
  4.094239529949
  4.082744296559
  4.104934926665
  4.127125556771
  4.108214725245
  4.089303893718
  4.052221208781
  4.015138523844
  4.015168987295
  4.015199450747
  4.243700050427
  4.472200650107
  4.358299097141
  4.244397544175
  4.216173213298
  4.187948882420
  4.448576275897
  4.709203669374
  4.818459144702
  4.927714620031
  4.962033327415
  4.996352034799
  5.043736027394
  5.091120019988
  5.073044495538
  5.054968971089
  5.233568997394
  5.412169023699
  5.339823182363
  5.267477341028
  5.186370727647
  5.105264114266
  5.256503350864
  5.407742587461
  5.480353211637
  5.552963835812
  5.724158974370
  5.895354112927
  6.031239861845
  6.167125610762
  5.922039662736
  5.676953714711
  5.505888590754
  5.334823466798
  5.321043040535
  5.307262614271
  5.199660696673
  5.092058779074
  5.225833843955
  5.359608908835
  5.304806974653
  5.250005040471
  5.417803341836
  5.585601643201
  5.587445573114
  5.589289503027
  5.531980090491
  5.474670677954
  5.328791341526
  5.182912005098
  5.196548954564
  5.210185904031
  5.197341924042
  5.184497944052
  5.053325118133
  4.922152292214
  5.075186259527
  5.228220226840
  5.432368355949
  5.636516485058
  5.591568170977
  5.546619856897
  5.496415433534
  5.446211010170
  5.323930945616
  5.201650881061
  5.284813729490
  5.367976577919
  5.245556043061
  5.123135508202
  5.146572057919
  5.170008607635
  5.138166680047
  5.106324752458
  5.217644580835
  5.328964409212
  5.198106268009
  5.067248126806
  5.112821958272
  5.158395789738
  5.084289908754
  5.010184027771
  5.072877256056
  5.135570484341
  5.159191956430
  5.182813428519
  5.390260900074
  5.597708371629
  5.444935324955
  5.292162278281
  5.213261113639
  5.134359948998
  4.866457725279
  4.598555501560
  4.774545710056
  4.950535918553
  5.008055359844
  5.065574801136
  5.200871138013
  5.336167474890
  5.365659218719
  5.395150962547
  5.421434498584
  5.447718034622
  5.241852191224
  5.035986347827
  5.021074451595
  5.006162555363
  4.926989783066
  4.847817010769
  4.996965320382
  5.146113629994
  4.880415926339
  4.614718222684
  4.531562469511
  4.448406716337
  4.592047870849
  4.735689025362
  4.527238345471
  4.318787665580
  4.244151985598
  4.169516305616
  4.177566529294
  4.185616752973
  4.152502603938
  4.119388454903
  4.263125332780
  4.406862210658
  4.370726486454
  4.334590762250
  4.253973920767
  4.173357079284
  4.013225080179
  3.853093081074
  3.906464236390
  3.959835391705
  4.092772004516
  4.225708617326
  4.087471472296
  3.949234327265
  4.101566691273
  4.253899055281
  4.148239584243
  4.042580113204
  3.915546177826
  3.788512242448
  3.847001382526
  3.905490522603
  3.995808319982
  4.086126117361
  3.903728504422
  3.721330891484
  3.594212208647
  3.467093525811
  3.578043602393
  3.688993678976
  3.420033835643
  3.151073992311
  3.303085262416
  3.455096532521
  3.535390346781
  3.615684161042
  3.666038748350
  3.716393335658
  3.763443676169
  3.810494016681
  3.828530061743
  3.846566106804
  3.868677360477
  3.890788614149
  3.721273478160
  3.551758342170
  3.565888231881
  3.580018121592
  3.900296403467
  4.220574685342
  3.932897298206
  3.645219911071
  3.708885923983
  3.772551936894
  3.780000104250
  3.787448271607
  3.732045569660
  3.676642867714
  3.790927314474
  3.905211761235
  3.796459916370
  3.687708071504
  3.857352420596
  4.026996769688
  3.914320176666
  3.801643583644
  3.758445480961
  3.715247378277
  3.729369335585
  3.743491292894
  3.884921659709
  4.026352026525
  4.049123666346
  4.071895306168
  4.058508064211
  4.045120822254
  4.077802000884
  4.110483179514
  4.134038995476
  4.157594811437
  4.183791552941
  4.209988294445
  4.183358212281
  4.156728130117
  4.061564184468
  3.966400238820
  3.897737415144
  3.829074591469
  3.680908181071
  3.532741770674
  3.620047034646
  3.707352298618
  3.633253259776
  3.559154220935
  3.537195388898
  3.515236556861
  3.568771169944
  3.622305783027
  3.834643517683
  4.046981252339
  4.320130683117
  4.593280113896
  4.436769910864
  4.280259707831
  4.195746143321
  4.111232578810
  4.071869990053
  4.032507401296
  3.944412096404
  3.856316791512
  3.838459768583
  3.820602745655
  3.883483637569
  3.946364529484
  4.149215989409
  4.352067449334
  4.296985028945
  4.241902608557
  4.170947222641
  4.099991836726
  4.280774728059
  4.461557619392
  4.630211906273
  4.798866193154
  4.820622472434
  4.842378751715
  4.868801669778
  4.895224587840
  4.783604957348
  4.671985326856
  4.761354298319
  4.850723269782
  4.856496643229
  4.862270016676
  4.831205235166
  4.800140453656
  5.029304793151
  5.258469132646
  5.301777971973
  5.345086811299
  5.248536517021
  5.151986222743
  5.182384323828
  5.212782424912
  5.083028046643
  4.953273668374
  4.979757109589
  5.006240550804
  5.133054897692
  5.259869244581
  5.346804902130
  5.433740559679
  5.344811159821
  5.255881759962
  5.274755740648
  5.293629721334
  5.523612175655
  5.753594629976
  5.770251885366
  5.786909140757
  5.642863419728
  5.498817698700
  5.271274452387
  5.043731206075
  5.155572076674
  5.267412947273
  5.383141144433
  5.498869341593
  5.293244052005
  5.087618762417
  5.047074638043
  5.006530513669
  4.823232928685
  4.639935343700
  4.581225599097
  4.522515854493
  4.548759332317
  4.575002810142
  4.397519574144
  4.220036338145
  4.203933651129
  4.187830964113
  4.161182271075
  4.134533578037
  4.414535627474
  4.694537676910
  4.651831662208
  4.609125647505
  4.841087779241
  5.073049910978
  4.763163543490
  4.453277176003
  4.522428872404
  4.591580568806
  4.498441684874
  4.405302800942
  4.322678023629
  4.240053246317
  4.003250634885
  3.766448023452
  3.832350497469
  3.898252971486
  3.920114760699
  3.941976549912
  3.791843557796
  3.641710565679
  3.624771254682
  3.607831943685
  3.604755846612
  3.601679749539
  3.805854941487
  4.010030133434
  3.900903637990
  3.791777142547
  3.860805540725
  3.929833938903
  3.665438098270
  3.401042257638
  3.294248788098
  3.187455318557
  3.453844725027
  3.720234131497
  3.697527444902
  3.674820758307
  3.729050771891
  3.783280785476
  3.917402323377
  4.051523861278
  3.893991838085
  3.736459814891
  3.778820252198
  3.821180689506
  3.769282066112
  3.717383442718
  3.572536885017
  3.427690327316
  3.537143602202
  3.646596877088
  3.794129966934
  3.941663056780
  3.903994467405
  3.866325878031
  3.637527025207
  3.408728172383
  3.614435936628
  3.820143700873
  3.722073763978
  3.624003827084
  3.685989027841
  3.747974228598
  3.703717717885
  3.659461207171
  3.652866695161
  3.646272183151
  3.647119963726
  3.647967744301
  3.738710360245
  3.829452976188
  3.737653618686
  3.645854261183
  3.819389310504
  3.992924359825
  3.929596225299
  3.866268090773
  3.833053053412
  3.799838016052
  3.868113045665
  3.936388075278
  3.825387764800
  3.714387454322
  3.771522211570
  3.828656968819
  3.882665976791
  3.936674984763
  4.031619178360
  4.126563371958
  4.064511305843
  4.002459239729
  4.174267259304
  4.346075278879
  4.379287582983
  4.412499887088
  4.567523162885
  4.722546438683
  4.754328926074
  4.786111413465
  4.768083719347
  4.750056025229
  4.739610611574
  4.729165197918
  4.744318242675
  4.759471287433
  4.780881074511
  4.802290861589
  4.688293319456
  4.574295777322
  4.558516579102
  4.542737380882
  4.403452222796
  4.264167064710
  4.387258297255
  4.510349529800
  4.484911702880
  4.459473875959
  4.206155072315
  3.952836268672
  3.780503009933
  3.608169751195
  3.493209242246
  3.378248733297
  3.279854739711
  3.181460746125
  3.345707232826
  3.509953719528
  3.715466764789
  3.920979810049
  3.908135426132
  3.895291042215
  3.623986943948
  3.352682845682
  3.404926514439
  3.457170183196
  3.525864350700
  3.594558518205
  3.625008751757
  3.655458985308
  3.840464761521
  4.025470537734
  4.037535239117
  4.049599940499
  4.061972746498
  4.074345552498
  4.163373581443
  4.252401610388
  3.987631838859
  3.722862067330
  3.834669526371
  3.946476985413
  3.759036760891
  3.571596536370
  3.621169503909
  3.670742471449
  3.521988327627
  3.373234183806
  3.538026422033
  3.702818660260
  3.645544536466
  3.588270412672
  3.738739315197
  3.889208217722
  3.976285155084
  4.063362092445
  3.884779986671
  3.706197880896
  3.639023980979
  3.571850081062
  3.607339775914
  3.642829470765
  3.548159248260
  3.453489025755
  3.648545314493
  3.843601603231
  3.676702968369
  3.509804333506
  3.621110997889
  3.732417662271
  3.683161719409
  3.633905776546
  3.501007396685
  3.368109016824
  3.442356883783
  3.516604750742
  3.448738212364
  3.380871673987
  3.335623504994
  3.290375336000
  3.240341438072
  3.190307540144
  3.194274699815
  3.198241859486
  3.245114741438
  3.291987623389
  3.276034705257
  3.260081787126
  3.187494588754
  3.114907390381
  3.100020751399
  3.085134112416
  3.272874910896
  3.460615709375
  3.378179576007
  3.295743442639
  3.231049101904
  3.166354761169
  3.066544679047
  2.966734596926
  3.224564691560
  3.482394786194
  3.541133832157
  3.599872878120
  3.573605818563
  3.547338759005
  3.347274747990
  3.147210736975
  3.182856455738
  3.218502174502
  3.222971202568
  3.227440230635
  3.308419409200
  3.389398587765
  3.297501889379
  3.205605190993
  3.325338725711
  3.445072260430
  3.414980179289
  3.384888098149
  3.348026130808
  3.311164163467
  3.249148954694
  3.187133745921
  3.199246495383
  3.211359244845
  3.147262935280
  3.083166625716
  3.106360571507
  3.129554517298
  3.295907635479
  3.462260753661
  3.396702202761
  3.331143651860
  3.215679807020
  3.100215962181
  3.071639413133
  3.043062864086
  3.184208148233
  3.325353432381
  3.240160739619
  3.154968046857
  3.260462293728
  3.365956540599
  3.394788004498
  3.423619468397
  3.353165276546
  3.282711084695
  3.295245518750
  3.307779952804
  3.474300319731
  3.640820686659
  3.653909848741
  3.666999010823
  3.614903617038
  3.562808223253
  3.728122175061
  3.893436126869
  3.919717770246
  3.945999413623
  3.930478349792
  3.914957285961
  3.896263518054
  3.877569750147
  3.687982054877
  3.498394359608
  3.493434438918
  3.488474518228
  3.703929704433
  3.919384890637
  3.875912224791
  3.832439558944
  3.911252037082
  3.990064515221
  4.111455486988
  4.232846458756
  4.212629283388
  4.192412108021
  4.354575340680
  4.516738573339
  4.475684480373
  4.434630387407
  4.382745114692
  4.330859841977
  4.371908981142
  4.412958120307
  4.381723817000
  4.350489513693
  4.437504479498
  4.524519445302
  4.498311480238
  4.472103515173
  4.228158149732
  3.984212784291
  3.945913204170
  3.907613624048
  3.913845151377
  3.920076678705
  3.747315740846
  3.574554802988
  3.675717688062
  3.776880573137
  3.726248303003
  3.675616032868
  3.767475186139
  3.859334339409
  3.875999008269
  3.892663677129
  3.891331922959
  3.890000168788
  4.008851913137
  4.127703657487
  4.010021000344
  3.892338343201
  3.719548713462
  3.546759083723
  3.599850810970
  3.652942538216
  3.698279371040
  3.743616203863
  3.638882764949
  3.534149326036
  3.636056162013
  3.737962997991
  3.664815875854
  3.591668753717
  3.495509373137
  3.399349992558
  3.220472434289
  3.041594876020
  2.953267942450
  2.864941008880
  2.863955664440
  2.862970320000
  2.983738609328
  3.104506898657
  3.157158567126
  3.209810235596
  3.241355668636
  3.272901101676
  3.384242909931
  3.495584718186
  3.519752270116
  3.543919822045
  3.508960171864
  3.474000521683
  3.327832334936
  3.181664148189
  3.267989078068
  3.354314007946
  3.250907218807
  3.147500429668
  3.137506162399
  3.127511895130
  3.007593861347
  2.887675827563
  2.941608383914
  2.995540940264
  3.116972709894
  3.238404479524
  3.455033121389
  3.671661763255
  3.652355474373
  3.633049185491
  3.614575831169
  3.596102476846
  3.415887577312
  3.235672677779
  3.217179900371
  3.198687122964
  3.093334161379
  2.987981199794
  2.909897416602
  2.831813633409
  3.133642703867
  3.435471774324
  3.425642733170
  3.415813692016
  3.459822929210
  3.503832166404
  3.323523734048
  3.143215301693
  3.257297162008
  3.371379022323
  3.274126496400
  3.176873970477
  3.236760838582
  3.296647706688
  3.170241286780
  3.043834866872
  3.120254577189
  3.196674287506
  3.305928766463
  3.415183245420
  3.281637383532
  3.148091521644
  3.293644015433
  3.439196509223
  3.402653676503
  3.366110843783
  3.465026148143
  3.563941452504
  3.620786123523
  3.677630794543
  3.641006373757
  3.604381952972
  3.571652013369
  3.538922073765
  3.592407279313
  3.645892484861
  3.828371985742
  4.010851486622
  3.959087469011
  3.907323451399
  3.817242767306
  3.727162083213
  3.921699081324
  4.116236079435
  3.724424563609
  3.332613047782
  3.494886691505
  3.657160335227
  3.618344449004
  3.579528562781
  3.800639829992
  4.021751097203
  3.890393195621
  3.759035294038
  3.715873128550
  3.672710963062
  3.382307899320
  3.091904835577
  3.364973013142
  3.638041190707
  3.673685613134
  3.709330035561
  3.750010175659
  3.790690315757
  3.672830724020
  3.554971132282
  3.590012034219
  3.625052936157
  3.538582818316
  3.452112700476
  3.503327580346
  3.554542460217
  3.351287996523
  3.148033532829
  3.348356998073
  3.548680463318
  3.492964420168
  3.437248377018
  3.438132632640
  3.439016888263
  3.364990737030
  3.290964585797
  3.564185626654
  3.837406667512
  3.918509587770
  3.999612508028
  3.928144132078
  3.856675756128
  3.671224584174
  3.485773412220
  3.436531718938
  3.387290025656
  3.345623952274
  3.303957878893
  3.235109746452
  3.166261614011
  3.329362328789
  3.492463043567
  3.309481631965
  3.126500220362
  3.149898611324
  3.173297002285
  3.221120150695
  3.268943299104
  3.290659383502
  3.312375467899
  3.259628376863
  3.206881285828
  3.328022582697
  3.449163879566
  3.339171678040
  3.229179476514
  3.378929129536
  3.528678782558
  3.542759898760
  3.556841014963
  3.652585326738
  3.748329638513
  3.641521068535
  3.534712498557
  3.540136155499
  3.545559812441
  3.326334031819
  3.107108251197
  3.139593265735
  3.172078280273
  3.313166491671
  3.454254703068
  3.638910424676
  3.823566146284
  3.869232560147
  3.914898974010
  4.120299167940
  4.325699361870
  4.223660803430
  4.121622244990
  4.058489471380
  3.995356697771
  4.057114793370
  4.118872888968
  4.091411897912
  4.063950906857
  4.075310302393
  4.086669697929
  3.960321393908
  3.833973089887
  3.740288892965
  3.646604696042
  3.677802783671
  3.709000871300
  3.775149277756
  3.841297684212
  3.947857689032
  4.054417693852
  4.014539486110
  3.974661278367
  3.853185843731
  3.731710409096
  3.841533070995
  3.951355732894
  4.131183937509
  4.311012142125
  4.159922455421
  4.008832768717
  3.982225882988
  3.955618997259
  4.161497426311
  4.367375855363
  4.347727368080
  4.328078880798
  4.141984265393
  3.955889649988
  3.903660625600
  3.851431601212
  3.795701555807
  3.739971510401
  3.937209524970
  4.134447539538
  3.990537908854
  3.846628278170
  3.863848703003
  3.881069127836
  3.883448761290
  3.885828394743
  3.809501231216
  3.733174067689
  3.618703133065
  3.504232198440
  3.562144282937
  3.620056367433
  3.479159941865
  3.338263516297
  3.243442109974
  3.148620703650
  3.399625739189
  3.650630774729
  3.596401878763
  3.542172982798
  3.537856855256
  3.533540727715
  3.452271164177
  3.371001600639
  3.139529329870
  2.908057059100
  2.957789759510
  3.007522459921
  3.084446180770
  3.161369901620
  3.103102834000
  3.044835766380
  3.122746050300
  3.200656334220
  3.202540006063
  3.204423677905
  3.203982229320
  3.203540780735
  3.095563749001
  2.987586717267
  2.900894345299
  2.814201973332
  2.956469192982
  3.098736412632
  3.070648086964
  3.042559761297
  2.929702294570
  2.816844827843
  2.676822983203
  2.536801138564
  2.491374236284
  2.445947334004
  2.554540649581
  2.663133965159
  2.708484560855
  2.753835156551
  2.825748642678
  2.897662128806
  2.930799496514
  2.963936864223
  3.020959689092
  3.077982513961
  3.042225347942
  3.006468181923
  3.269373037721
  3.532277893519
  3.653457812886
  3.774637732254
  3.709081408462
  3.643525084669
  3.500090212138
  3.356655339606
  3.495351912251
  3.634048484896
  3.897392822798
  4.160737160699
  4.176416007201
  4.192094853703
  4.106519232746
  4.020943611789
  4.124483817240
  4.228024022691
  4.150744793981
  4.073465565271
  4.110025822839
  4.146586080408
  4.207449634729
  4.268313189051
  4.188952463708
  4.109591738365
  4.194838497654
  4.280085256944
  4.297601039418
  4.315116821891
  4.290131305706
  4.265145789520
  4.506279843332
  4.747413897143
  4.688284894533
  4.629155891922
  4.511626478171
  4.394097064421
  4.318185926705
  4.242274788988
  4.197845727979
  4.153416666970
  4.110270239092
  4.067123811213
  4.118219935843
  4.169316060473
  4.375447481144
  4.581578901815
  4.588611166716
  4.595643431617
  4.526305404907
  4.456967378197
  4.512497139937
  4.568026901676
  4.668939897900
  4.769852894125
  4.662711802057
  4.555570709989
  4.492370086317
  4.429169462646
  4.518120519635
  4.607071576624
  4.670123204013
  4.733174831403
  4.647185130583
  4.561195429763
  4.601613149524
  4.642030869286
  4.442017262418
  4.242003655549
  4.133340147615
  4.024676639680
  4.075461916906
  4.126247194132
  4.237523107178
  4.348799020225
  4.199249169465
  4.049699318705
  4.078045806665
  4.106392294624
  4.057641285340
  4.008890276055
  3.948277162544
  3.887664049034
  3.796824426250
  3.705984803466
  3.960464612989
  4.214944422511
  3.974680928234
  3.734417433957
  3.962417743187
  4.190418052416
  3.969726961138
  3.749035869860
  3.976272348456
  4.203508827052
  4.327888687805
  4.452268548559
  4.538830296206
  4.625392043854
  4.488171944456
  4.350951845057
  4.203591699487
  4.056231553917
  3.989917876024
  3.923604198131
  3.870668821544
  3.817733444957
  3.748971775354
  3.680210105751
  3.590916208939
  3.501622312127
  3.445801046564
  3.389979781000
  3.469466246154
  3.548952711307
  3.553954861695
  3.558957012084
  3.537115636495
  3.515274260907
  3.792452298908
  4.069630336910
  3.993895878170
  3.918161419429
  4.192638212876
  4.467115006323
  4.208886942015
  3.950658877708
  4.129303003088
  4.307947128469
  4.311040798819
  4.314134469169
  4.128516411327
  3.942898353484
  3.879665418375
  3.816432483265
  3.730207027675
  3.643981572085
  3.449817400245
  3.255653228404
  3.301129321362
  3.346605414319
  3.445875918834
  3.545146423348
  3.622498335079
  3.699850246809
  3.523630171511
  3.347410096213
  3.398404334062
  3.449398571912
  3.399402228965
  3.349405886017
  3.334998156842
  3.320590427667
  3.254330461879
  3.188070496092
  3.042321042685
  2.896571589277
  2.897017240587
  2.897462891897
  2.983414507941
  3.069366123986
  3.061263688671
  3.053161253356
  2.870791716944
  2.688422180531
  2.877270415049
  3.066118649568
  3.004036320147
  2.941953990726
  3.055765337367
  3.169576684009
  2.976100056378
  2.782623428747
  2.702763105349
  2.622902781951
  2.712145045523
  2.801387309094
  2.629473228631
  2.457559148167
  2.661748677570
  2.865938206973
  2.928711449746
  2.991484692519
  2.860460070087
  2.729435447655
  2.949166828251
  3.168898208847
  3.089378442675
  3.009858676502
  3.063248412019
  3.116638147536
  2.929551120775
  2.742464094013
  2.638180714253
  2.533897334493
  2.564175453322
  2.594453572152
  2.614403844995
  2.634354117839
  2.616360421777
  2.598366725715
  2.769001331514
  2.939635937314
  2.972959112716
  3.006282288119
  2.829991431778
  2.653700575437
  2.782258667595
  2.910816759753
  2.858121166253
  2.805425572753
  3.094815450576
  3.384205328398
  3.226874447179
  3.069543565959
  3.055713247888
  3.041882929817
  2.851040821969
  2.660198714120
  2.790708875782
  2.921219037445
  2.905496079556
  2.889773121667
  2.993572119611
  3.097371117555
  3.191612308284
  3.285853499014
  3.360826755243
  3.435800011471
  3.406983433843
  3.378166856214
  3.322607075170
  3.267047294125
  3.611475130380
  3.955902966635
  3.829005162352
  3.702107358069
  3.680808998276
  3.659510638482
  3.579031900102
  3.498553161722
  3.376135804744
  3.253718447766
  3.369878994985
  3.486039542204
  3.614887332445
  3.743735122685
  3.578065029612
  3.412394936538
  3.589573550333
  3.766752164128
  3.742951296495
  3.719150428863
  3.659258049009
  3.599365669155
  3.628485976693
  3.657606284231
  3.566572284618
  3.475538285006
  3.480064011109
  3.484589737212
  3.439092376460
  3.393595015708
  3.417408923202
  3.441222830696
  3.642884562833
  3.844546294970
  3.668553888289
  3.492561481608
  3.259089791041
  3.025618100474
  3.111102275907
  3.196586451339
  3.257255588738
  3.317924726137
  3.251036676838
  3.184148627539
  3.158000136927
  3.131851646316
  3.220343460122
  3.308835273929
  3.279919331317
  3.251003388704
  3.341168271516
  3.431333154328
  3.357169735865
  3.283006317401
  3.296504957526
  3.310003597651
  3.271287620052
  3.232571642452
  3.269090527980
  3.305609413508
  3.319148763725
  3.332688113942
  3.474631456439
  3.616574798935
  3.673630553952
  3.730686308969
  3.716300768559
  3.701915228149
  3.626985681399
  3.552056134649
  3.621338747109
  3.690621359568
  3.658959440731
  3.627297521894
  3.608915023376
  3.590532524858
  3.585503591517
  3.580474658176
  3.683484367872
  3.786494077569
  3.737495339295
  3.688496601021
  3.836507185293
  3.984517769565
  4.193519393705
  4.402521017845
  4.190070908557
  3.977620799269
  3.934928113253
  3.892235427237
  3.678072257609
  3.463909087980
  3.476884264144
  3.489859440307
  3.468582553167
  3.447305666026
  3.610628177039
  3.773950688052
  3.855604529720
  3.937258371388
  3.951570141021
  3.965881910654
  4.039626480920
  4.113371051186
  3.974945672854
  3.836520294522
  4.040773798755
  4.245027302988
  4.366581805209
  4.488136307430
  4.567123047731
  4.646109788032
  4.593598949189
  4.541088110345
  4.563317314785
  4.585546519224
  4.577153206625
  4.568759894026
  4.496871859046
  4.424983824065
  4.499455285462
  4.573926746859
  4.637521008886
  4.701115270913
  4.746858777949
  4.792602284985
  4.662508834633
  4.532415384280
  4.567775653816
  4.603135923351
  4.695634658919
  4.788133394486
  5.175670333180
  5.563207271873
  5.678937633203
  5.794667994533
  5.656653626569
  5.518639258604
  5.428007521696
  5.337375784788
  5.355562661695
  5.373749538603
  5.389414985410
  5.405080432218
  5.236693792690
  5.068307153161
  5.273962977061
  5.479618800962
  5.394082883307
  5.308546965652
  5.142044332496
  4.975541699339
  5.037000867483
  5.098460035627
  5.099438287224
  5.100416538821
  5.027729582849
  4.955042626876
  4.796166129183
  4.637289631489
  4.616174067767
  4.595058504045
  4.429888907171
  4.264719310297
  4.214180881043
  4.163642451790
  4.198218413316
  4.232794374843
  4.199848813326
  4.166903251809
  4.151034311196
  4.135165370583
  4.146605197881
  4.158045025178
  4.303350981273
  4.448656937368
  4.583628622500
  4.718600307633
  4.453207122978
  4.187813938324
  3.940177759405
  3.692541580486
  3.700448810527
  3.708356040567
  3.584117104985
  3.459878169402
  3.535828766232
  3.611779363061
  3.398853738331
  3.185928113601
  3.114128079688
  3.042328045776
  3.231764115601
  3.421200185425
  3.228661570110
  3.036122954795
  3.007772434075
  2.979421913355
  2.976103321289
  2.972784729224
  2.901837247783
  2.830889766343
  3.012027189859
  3.193164613375
  3.229133022751
  3.265101432126
  3.192750705257
  3.120399978387
  3.060607171821
  3.000814365254
  3.214746882354
  3.428679399453
  3.374031765079
  3.319384130705
  3.479112503415
  3.638840876125
  3.638096383856
  3.637351891587
  3.472387875946
  3.307423860304
  3.453908746173
  3.600393632041
  3.339326892295
  3.078260152548
  2.975229977577
  2.872199802605
  2.826152673315
  2.780105544025
  2.928946062584
  3.077786581143
  3.301563123366
  3.525339665590
  3.793805636964
  4.062271608338
  3.891575316375
  3.720879024412
  3.432729293016
  3.144579561620
  3.188046286759
  3.231513011897
  3.357866572510
  3.484220133123
  3.362291374528
  3.240362615934
  3.059782651759
  2.879202687584
  2.897607039869
  2.916011392154
  2.959145865287
  3.002280338421
  2.984250421147
  2.966220503872
  2.997484465658
  3.028748427444
  3.154365689376
  3.279982951309
  3.406376286983
  3.532769622657
  3.508922117671
  3.485074612685
  3.517745257181
  3.550415901677
  3.653040620869
  3.755665340060
  3.739089797655
  3.722514255249
  3.742691546233
  3.762868837217
  3.701400204661
  3.639931572106
  3.732613762186
  3.825295952266
  3.744655879696
  3.664015807126
  3.554432318503
  3.444848829880
  3.546381866200
  3.647914902519
  3.490163993107
  3.332413083694
  3.322314869508
  3.312216655323
  3.374447060551
  3.436677465780
  3.452061430524
  3.467445395269
  3.480027212288
  3.492609029308
  3.414129055454
  3.335649081600
  3.444576637685
  3.553504193771
  3.443155154154
  3.332806114537
  3.260001723750
  3.187197332963
  3.040029155494
  2.892860978024
  2.933783795471
  2.974706612918
  2.941846438611
  2.908986264304
  2.845779197490
  2.782572130676
  2.659822741589
  2.537073352503
  2.697225293477
  2.857377234451
  3.012242641353
  3.167108048256
  2.995114855106
  2.823121661957
  2.809831520567
  2.796541379176
  2.747681742937
  2.698822106697
  2.878922758370
  3.059023410043
  2.988050280313
  2.917077150582
  2.764957775311
  2.612838400040
  2.766828324962
  2.920818249885
  2.885467875801
  2.850117501718
  2.967919546348
  3.085721590979
  3.182376688745
  3.279031786512
  3.189312019649
  3.099592252787
  3.193278936965
  3.286965621144
  3.286686642414
  3.286407663683
  3.400897822347
  3.515387981011
  3.406086582198
  3.296785183385
  3.274777161221
  3.252769139057
  3.286630389918
  3.320491640778
  3.401984239108
  3.483476837439
  3.244103504770
  3.004730172101
  3.008377678122
  3.012025184143
  3.109042042847
  3.206058901550
  3.273488075856
  3.340917250162
  3.334960282588
  3.329003315015
  3.274306633077
  3.219609951138
  3.263922226863
  3.308234502587
  3.101039821186
  2.893845139785
  3.083813163998
  3.273781188211
  3.251370386417
  3.228959584623
  3.304727408095
  3.380495231567
  3.284998689195
  3.189502146822
  3.325981509626
  3.462460872430
  3.489514883151
  3.516568893871
  3.416674948205
  3.316781002538
  3.514082346672
  3.711383690807
  3.620917108332
  3.530450525857
  3.512157067521
  3.493863609185
  3.602446542134
  3.711029475082
  3.604653691030
  3.498277906977
  3.465530421095
  3.432782935213
  3.437183265994
  3.441583596774
  3.451216173939
  3.460848751103
  3.470952156554
  3.481055562004
  3.402739698864
  3.324423835725
  3.348455939656
  3.372488043586
  3.491830607386
  3.611173171186
  3.686271676807
  3.761370182428
  3.843464283649
  3.925558384871
  4.020108954337
  4.114659523804
  4.131113762263
  4.147568000721
  4.315553574950
  4.483539149178
  4.387336934576
  4.291134719974
  4.264531237970
  4.237927755966
  4.095716602277
  3.953505448587
  4.111932977056
  4.270360505525
  4.349124688252
  4.427888870980
  4.420156813346
  4.412424755713
  4.290505458047
  4.168586160380
  4.153519829718
  4.138453499056
  4.031437586636
  3.924421674215
  4.024220389432
  4.124019104648
  3.864592433982
  3.605165763315
  3.740869385957
  3.876573008600
  3.658175047113
  3.439777085627
  3.651257515748
  3.862737945868
  3.669481650491
  3.476225355114
  3.561814098832
  3.647402842550
  3.719172755604
  3.790942668658
  3.668355285216
  3.545767901774
  3.630083033167
  3.714398164561
  3.835560525388
  3.956722886215
  3.852101375662
  3.747479865108
  3.719585150599
  3.691690436090
  3.701052067223
  3.710413698356
  3.720586727100
  3.730759755844
  3.819006277133
  3.907252798423
  3.888098875366
  3.868944952309
  3.922727473994
  3.976509995679
  3.567010107668
  3.157510219657
  3.325386262774
  3.493262305891
  3.533635718589
  3.574009131287
  3.524653041492
  3.475296951697
  3.572190338164
  3.669083724632
  3.701009191619
  3.732934658606
  3.701946733368
  3.670958808130
  3.791235888914
  3.911512969698
  3.904114153028
  3.896715336358
  3.801771710258
  3.706828084158
  3.886068399467
  4.065308714775
  3.773029168797
  3.480749622818
  3.384013887710
  3.287278152602
  3.489649451379
  3.692020750157
  4.161369904714
  4.630719059271
  4.465340768125
  4.299962476979
  4.449173904026
  4.598385331073
  4.493036293909
  4.387687256745
  4.272969073083
  4.158250889421
  4.286225786323
  4.414200683225
  4.174839711968
  3.935478740710
  3.959028768062
  3.982578795414
  3.741240418507
  3.499902041600
  3.705604214709
  3.911306387818
  3.821967397314
  3.732628406810
  3.623495689257
  3.514362971704
  3.542597505740
  3.570832039777
  3.577108179651
  3.583384319525
  3.480280406722
  3.377176493920
  3.453927016104
  3.530677538288
  3.596629916541
  3.662582294793
  3.844390390491
  4.026198486189
  4.019844601813
  4.013490717437
  3.952893412595
  3.892296107752
  3.979546556646
  4.066797005539
  3.893666293892
  3.720535582245
  3.683419218839
  3.646302855434
  3.783887403507
  3.921471951580
  3.974645221687
  4.027818491793
  4.056653509664
  4.085488527535
  4.056609347319
  4.027730167104
  3.988870933672
  3.950011700241
  4.011715773006
  4.073419845771
  4.066262925936
  4.059106006102
  3.936731662083
  3.814357318065
  3.899487820707
  3.984618323350
  3.946984824421
  3.909351325492
  4.026368530638
  4.143385735785
  4.080790498399
  4.018195261013
  4.009582954035
  4.000970647057
  3.836392270474
  3.671813893891
  3.552118554730
  3.432423215569
  3.474155228360
  3.515887241151
  3.492475888031
  3.469064534911
  3.521044604762
  3.573024674613
  3.662613921785
  3.752203168956
  3.549361081545
  3.346518994134
  3.321879243017
  3.297239491900
  3.173349672499
  3.049459853097
  2.869326193801
  2.689192534505
  2.473789217386
  2.258385900267
  2.600718561562
  2.943051222856
  2.760713836930
  2.578376451004
  2.822427135566
  3.066477820127
  3.091155864611
  3.115833909094
  3.135032862624
  3.154231816155
  3.112308632606
  3.070385449057
  3.009864226630
  2.949343004203
  3.033101678097
  3.116860351991
  3.337004796503
  3.557149241016
  3.586357971854
  3.615566702692
  3.685522817079
  3.755478931465
  3.957390748087
  4.159302564708
  4.113014742200
  4.066726919693
  4.102635056286
  4.138543192879
  4.235768156248
  4.332993119616
  4.231558827515
  4.130124535414
  4.286086900884
  4.442049266355
  4.411750945644
  4.381452624933
  4.395861317465
  4.410270009997
  4.315762288640
  4.221254567282
  4.303077444974
  4.384900322666
  4.201196995147
  4.017493667628
  4.143604653353
  4.269715639079
  4.349185792972
  4.428655946865
  4.553255745298
  4.677855543731
  4.735317004803
  4.792778465876
  4.805296796696
  4.817815127515
  4.779571246745
  4.741327365974
  4.758962455176
  4.776597544379
  4.712515252107
  4.648432959836
  4.671932977753
  4.695432995670
  4.763705032540
  4.831977069410
  4.786376026961
  4.740774984511
  4.895296906901
  5.049818829291
  5.158538615971
  5.267258402651
  5.274409607498
  5.281560812346
  5.343365144552
  5.405169476758
  5.287942321402
  5.170715166045
  5.056300498316
  4.941885830586
  4.941904352106
  4.941922873627
  4.970903638483
  4.999884403340
  5.067961773733
  5.136039144125
  5.021358840671
  4.906678537218
  5.018036099813
  5.129393662408
  5.046851813742
  4.964309965076
  4.835077983313
  4.705846001551
  4.807818101259
  4.909790200966
  4.984715481454
  5.059640761941
  5.035244620474
  5.010848479006
  5.112991063416
  5.215133647825
  5.259325419596
  5.303517191368
  5.080290212904
  4.857063234441
  4.785941439694
  4.714819644946
  4.802507505357
  4.890195365767
  4.899015557250
  4.907835748732
  4.680983275795
  4.454130802859
  4.641835618389
  4.829540433919
  4.758586532063
  4.687632630207
  4.850716983345
  5.013801336483
  5.059449434443
  5.105097532403
  4.919247866271
  4.733398200140
  4.762627967584
  4.791857735029
  4.942870775671
  5.093883816312
  4.861507169730
  4.629130523148
  4.608192222301
  4.587253921454
  4.534192968058
  4.481132014661
  4.497023426944
  4.512914839226
  4.602112523823
  4.691310208421
  4.501650269307
  4.311990330194
  4.237438699504
  4.162887068813
  4.184179057268
  4.205471045723
  4.485038819371
  4.764606593019
  4.712430030369
  4.660253467719
  4.567527816530
  4.474802165342
  4.341027647327
  4.207253129312
  4.258732196664
  4.310211264016
  4.158995396212
  4.007779528409
  4.015120629271
  4.022461730132
  3.918893671157
  3.815325612181
  3.844837219354
  3.874348826527
  3.989219450473
  4.104090074418
  4.031012927429
  3.957935780440
  3.888440381896
  3.818944983352
  3.719950509684
  3.620956036015
  3.773961630946
  3.926967225877
  3.740762888291
  3.554558550705
  3.848074532690
  4.141590514675
  4.114324650150
  4.087058785625
  3.832175348896
  3.577291912167
  3.694940399233
  3.812588886299
  3.823825659935
  3.835062433571
  3.782006500787
  3.728950568004
  3.741653177373
  3.754355786742
  3.583869126969
  3.413382467196
  3.607594520138
  3.801806573079
  3.457467701341
  3.113128829603
  3.300299268957
  3.487469708311
  3.334480543883
  3.181491379456
  3.352604968448
  3.523718557440
  3.690902867323
  3.858087177205
  3.894451004997
  3.930814832789
  3.702429907949
  3.474044983109
  3.587702591405
  3.701360199700
  3.772832703524
  3.844305207348
  3.830012235770
  3.815719264191
  3.710302841947
  3.604886419703
  3.437685249661
  3.270484079619
  3.214204244078
  3.157924408536
  3.143930677406
  3.129936946276
  3.176620073857
  3.223303201438
  3.222334161286
  3.221365121134
  3.230971082707
  3.240577044280
  3.244074908814
  3.247572773348
  3.267371621337
  3.287170469326
  3.459970717740
  3.632770966154
  3.729257482496
  3.825743998838
  4.007480547500
  4.189217096161
  4.284381770353
  4.379546444544
  4.245476495424
  4.111406546304
  3.983369658882
  3.855332771459
  4.101365943416
  4.347399115374
  4.331845187012
  4.316291258650
  4.513896973816
  4.711502688982
  4.760663981208
  4.809825273434
  4.850578922338
  4.891332571243
  4.818040219923
  4.744747868604
  4.644193307612
  4.543638746620
  4.874511255222
  5.205383763824
  5.055247247192
  4.905110730559
  4.843284912484
  4.781459094408
  4.786553103564
  4.791647112720
  4.781526448313
  4.771405783907
  4.600081482343
  4.428757180780
  4.255672613882
  4.082588046985
  4.233748728269
  4.384909409553
  4.275753717483
  4.166598025413
  4.216494365648
  4.266390705882
  4.235041938114
  4.203693170346
  4.235278515511
  4.266863860676
  4.298300088773
  4.329736316869
  4.071541945670
  3.813347574470
  3.967055739445
  4.120763904421
  4.150651505615
  4.180539106808
  4.015597095371
  3.850655083935
  3.881457463106
  3.912259842277
  3.844604502037
  3.776949161798
  3.754196969200
  3.731444776602
  3.663393444590
  3.595342112579
  3.666483468807
  3.737624825035
  3.835713415478
  3.933802005921
  3.910674652057
  3.887547298194
  4.012907610726
  4.138267923259
  3.978393002685
  3.818518082111
  3.659763133338
  3.501008184566
  3.604573928511
  3.708139672457
  3.780305416072
  3.852471159687
  4.038067148303
  4.223663136920
  4.086526440143
  3.949389743366
  4.137045894730
  4.324702046094
  4.259178714251
  4.193655382408
  4.139561778929
  4.085468175450
  4.032256641214
  3.979045106977
  4.094962634677
  4.210880162376
  4.132645716633
  4.054411270889
  4.147481833920
  4.240552396951
  4.382330693545
  4.524108990138
  4.389977052325
  4.255845114512
  4.168533689199
  4.081222263886
  4.093738459421
  4.106254654955
  4.069275855585
  4.032297056215
  4.060449764921
  4.088602473627
  4.057394266381
  4.026186059135
  3.942553758574
  3.858921458013
  3.583021471413
  3.307121484812
  3.287914846412
  3.268708208013
  3.063702863460
  2.858697518906
  2.943539195520
  3.028380872134
  3.028945176947
  3.029509481760
  3.032840059727
  3.036170637694
  3.262267200892
  3.488363764091
  3.448649118479
  3.408934472867
  3.521461073721
  3.633987674576
  3.533937914472
  3.433888154368
  3.545781909951
  3.657675665534
  3.537350240820
  3.417024816107
  3.555477837336
  3.693930858566
  3.658074714044
  3.622218569522
  3.533875265459
  3.445531961396
  3.386436978297
  3.327341995199
  3.326799047086
  3.326256098974
  3.308874972886
  3.291493846797
  3.358236824101
  3.424979801405
  3.330196954890
  3.235414108374
  3.252119573120
  3.268825037867
  3.325917537164
  3.383010036460
  3.288842848250
  3.194675660039
  3.270096535489
  3.345517410940
  3.453732900277
  3.561948389614
  3.531118103106
  3.500287816597
  3.422220885682
  3.344153954766
  3.347185799158
  3.350217643551
  3.274103278668
  3.197988913785
  3.430520816210
  3.663052718635
  3.655780203980
  3.648507689325
  3.786868373954
  3.925229058583
  3.998759967551
  4.072290876520
  4.101395865004
  4.130500853489
  4.129015892697
  4.127530931905
  4.155271647917
  4.183012363930
  4.192700614276
  4.202388864623
  4.060107120573
  3.917825376524
  3.657343756266
  3.396862136007
  3.766998848724
  4.137135561441
  4.179503746472
  4.221871931502
  4.351729391965
  4.481586852428
  4.585545494404
  4.689504136381
  4.578242259003
  4.466980381626
  4.355731971973
  4.244483562320
  4.257389841148
  4.270296119976
  4.467744713256
  4.665193306536
  4.579806174514
  4.494419042492
  4.416250399396
  4.338081756299
  4.348991108106
  4.359900459913
  4.352715930702
  4.345531401490
  4.384464397139
  4.423397392788
  4.219196821015
  4.014996249243
  4.145560495738
  4.276124742233
  4.487200991998
  4.698277241763
  4.624580996494
  4.550884751226
  4.633210508187
  4.715536265148
  4.584006996239
  4.452477727330
  4.459268641452
  4.466059555574
  4.541818350330
  4.617577145087
  4.555022880402
  4.492468615717
  4.476459195301
  4.460449774886
  4.536533819086
  4.612617863285
  4.473092470941
  4.333567078597
  4.388207957023
  4.442848835449
  4.369924632565
  4.297000429681
  4.304899374735
  4.312798319790
  4.414500331571
  4.516202343352
  4.534374911265
  4.552547479179
  4.471473146533
  4.390398813886
  4.357733851298
  4.325068888709
  4.440323583961
  4.555578279214
  4.476070499599
  4.396562719984
  4.700459001481
  5.004355282978
  4.871469735613
  4.738584188249
  4.736362008982
  4.734139829715
  4.617827153404
  4.501514477094
  4.707257639759
  4.913000802424
  4.790634219052
  4.668267635680
  4.702296557442
  4.736325479204
  4.830119696728
  4.923913914251
  4.772421968681
  4.620930023111
  4.580822076851
  4.540714130590
  4.467546925679
  4.394379720767
  4.288259350104
  4.182138979440
  4.197572712124
  4.213006444808
  4.177533160997
  4.142059877186
  4.196518480154
  4.250977083123
  4.254874293304
  4.258771503486
  4.406825984299
  4.554880465112
  4.487780731046
  4.420680996980
  4.382981556168
  4.345282115356
  4.202529825033
  4.059777534709
  4.035395501692
  4.011013468675
  4.040331361327
  4.069649253979
  4.062241039719
  4.054832825458
  3.911158373811
  3.767483922164
  3.873902658404
  3.980321394643
  4.223155172005
  4.465988949367
  4.363318169732
  4.260647390097
  4.237765565542
  4.214883740987
  4.255658480193
  4.296433219400
  4.188920986230
  4.081408753060
  4.037213513492
  3.993018273924
  4.027071905202
  4.061125536479
  3.919280918831
  3.777436301182
  3.880025395700
  3.982614490217
  4.008643674050
  4.034672857883
  4.061264221575
  4.087855585266
  3.981515813718
  3.875176042171
  3.904834135142
  3.934492228113
  3.845185811879
  3.755879395646
  3.914753980314
  4.073628564981
  3.954030085137
  3.834431605293
  3.813774949018
  3.793118292744
  3.674766905053
  3.556415517362
  3.589127870034
  3.621840222706
  3.493907722139
  3.365975221571
  3.441438138936
  3.516901056300
  3.523136975718
  3.529372895136
  3.706793275310
  3.884213655485
  3.943318485933
  4.002423316381
  3.833153504123
  3.663883691865
  3.828026079883
  3.992168467901
  4.006392868949
  4.020617269997
  4.013466247939
  4.006315225882
  3.940310195273
  3.874305164664
  3.972197793619
  4.070090422573
  3.981103039691
  3.892115656808
  3.646834571755
  3.401553486702
  3.229152249266
  3.056751011830
  3.041345921011
  3.025940830191
  3.124747736774
  3.223554643357
  3.223349662428
  3.223144681499
  3.327623656885
  3.432102632271
  3.412749280173
  3.393395928074
  3.483360853573
  3.573325779071
  3.424012251883
  3.274698724695
  3.419796533746
  3.564894342798
  3.405355914929
  3.245817487061
  3.302437934085
  3.359058381110
  3.415106510583
  3.471154640055
  3.548916080240
  3.626677520425
  3.652407506709
  3.678137492993
  3.672467724438
  3.666797955884
  3.753018684678
  3.839239413472
  3.726261592739
  3.613283772007
  3.538381251709
  3.463478731412
  3.522755670267
  3.582032609123
  3.801535599172
  4.021038589220
  4.005674196324
  3.990309803428
  4.192963259559
  4.395616715690
  4.220121200986
  4.044625686282
  4.210655051188
  4.376684416093
  4.287524211620
  4.198364007147
  4.279116460461
  4.359868913775
  4.255989103272
  4.152109292770
  4.196360864481
  4.240612436192
  4.356870380959
  4.473128325727
  4.557950599163
  4.642772872599
  4.582674364406
  4.522575856214
  4.517412507493
  4.512249158773
  4.600588521243
  4.688927883713
  4.828884454100
  4.968841024487
  5.120478918033
  5.272116811580
  5.260322562235
  5.248528312891
  5.165811090631
  5.083093868371
  5.067153916242
  5.051213964113
  5.130342087494
  5.209470210875
  5.099912013765
  4.990353816655
  4.892447074320
  4.794540331986
  4.976544050530
  5.158547769074
  5.017592868730
  4.876637968386
  5.002457251228
  5.128276534070
  5.231267468599
  5.334258403127
  5.268911411449
  5.203564419771
  5.095024540087
  4.986484660403
  5.152165787213
  5.317846914022
  5.435756021503
  5.553665128984
  5.440263228833
  5.326861328683
  4.944274684318
  4.561688039954
  4.831672363533
  5.101656687112
  4.889535047014
  4.677413406916
  4.734810103705
  4.792206800495
  4.816936305659
  4.841665810824
  5.012535221467
  5.183404632111
  4.974134118115
  4.764863604119
  4.919529598808
  5.074195593497
  5.357902288572
  5.641608983647
  5.437206433054
  5.232803882460
  5.324531674765
  5.416259467069
  5.252595356542
  5.088931246014
  4.923974628235
  4.759018010456
  4.807758084359
  4.856498158261
  4.875371557767
  4.894244957274
  4.873528458200
  4.852811959126
  4.917694927644
  4.982577896161
  5.081677613184
  5.180777330208
  5.238224853889
  5.295672377569
  5.051461511906
  4.807250646242
  4.918946490479
  5.030642334717
  4.855400596193
  4.680158857669
  4.664138149748
  4.648117441828
  4.661999764985
  4.675882088142
  4.587365953699
  4.498849819256
  4.438981298134
  4.379112777012
  4.304670329161
  4.230227881310
  4.084930596279
  3.939633311247
  3.990194039951
  4.040754768654
  4.114249148336
  4.187743528018
  4.021595527072
  3.855447526126
  3.920310727642
  3.985173929158
  4.086206981029
  4.187240032901
  3.984005953381
  3.780771873861
  3.900505843050
  4.020239812239
  3.858289287141
  3.696338762044
  3.833557145947
  3.970775529851
  4.032622633098
  4.094469736346
  3.957696267811
  3.820922799277
  3.821098470918
  3.821274142559
  4.091478468542
  4.361682794525
  4.150011894146
  3.938340993768
  4.025361494019
  4.112381994269
  4.103001916610
  4.093621838952
  4.083043713754
  4.072465588557
  4.213317630224
  4.354169671890
  4.212081505158
  4.069993338425
  4.127505364046
  4.185017389667
  4.157183556198
  4.129349722728
  4.210007187223
  4.290664651717
  4.360589989031
  4.430515326344
  4.191145874862
  3.951776423380
  4.344680854139
  4.737585284898
  4.605118833139
  4.472652381379
  4.127420886607
  3.782189391835
  3.898834214691
  4.015479037547
  3.894174391662
  3.772869745777
  3.596777724370
  3.420685702962
  3.464599429769
  3.508513156576
  3.588670086479
  3.668827016382
  3.903874747524
  4.138922478666
  4.098306801949
  4.057691125232
  3.950897550339
  3.844103975447
  3.698533138253
  3.552962301058
  3.783558132470
  4.014153963883
  3.986486394482
  3.958818825081
  4.107814793693
  4.256810762305
  4.271211624343
  4.285612486381
  4.132033685567
  3.978454884754
  4.160743093378
  4.343031302001
  4.206629406213
  4.070227510425
  4.191396084636
  4.312564658847
  4.077105065463
  3.841645472078
  3.903714333335
  3.965783194593
  4.051389812105
  4.136996429617
  4.256662639258
  4.376328848899
  4.257042996427
  4.137757143954
  3.954057943402
  3.770358742850
  4.017837656253
  4.265316569656
  4.197080372959
  4.128844176262
  4.104965591916
  4.081087007570
  4.076961262775
  4.072835517981
  4.033969668435
  3.995103818890
  4.153335631597
  4.311567444303
  4.306750805758
  4.301934167212
  4.402095611275
  4.502257055337
  4.340854589860
  4.179452124382
  3.917834307529
  3.656216490675
  3.663422075068
  3.670627659461
  3.747472029225
  3.824316398990
  3.747222359538
  3.670128320087
  3.945963585020
  4.221798849954
  4.123791518577
  4.025784187200
  4.052899692074
  4.080015196948
  4.261049106285
  4.442083015622
  4.130181651466
  3.818280287310
  3.906376185592
  3.994472083874
  4.208674082369
  4.422876080863
  4.274182179635
  4.125488278408
  4.240601048320
  4.355713818233
  4.288482578792
  4.221251339351
  4.194660982955
  4.168070626559
  4.093719192936
  4.019367759314
  3.865746193366
  3.712124627418
  3.623392014157
  3.534659400896
  3.673127992377
  3.811596583859
  3.701465250168
  3.591333916477
  3.611190282295
  3.631046648112
  3.855347421217
  4.079648194322
  4.020344883789
  3.961041573257
  3.994782494803
  4.028523416350
  3.939328238131
  3.850133059913
  3.752341918551
  3.654550777189
  3.588329602375
  3.522108427562
  3.723646579527
  3.925184731493
  3.779072846934
  3.632960962374
  3.560297803639
  3.487634644904
  3.507234077885
  3.526833510866
  3.408622076846
  3.290410642825
  3.405399831706
  3.520389020588
  3.625527952301
  3.730666884014
  3.473231791795
  3.215796699576
  3.284017717325
  3.352238735073
  3.483893350210
  3.615547965348
  3.688188487264
  3.760829009181
  3.582303571941
  3.403778134701
  3.525775249312
  3.647772363923
  3.504919693589
  3.362067023256
  3.473275285054
  3.584483546852
  3.436058212807
  3.287632878761
  3.176129039771
  3.064625200781
  3.107508313746
  3.150391426711
  3.191644495999
  3.232897565286
  3.175316685242
  3.117735805199
  3.128761788638
  3.139787772077
  3.219432004904
  3.299076237732
  3.336429321036
  3.373782404339
  3.506129933811
  3.638477463283
  3.752262292485
  3.866047121687
  3.681940042070
  3.497832962453
  3.621338063896
  3.744843165338
  3.666078420765
  3.587313676191
  3.778691590510
  3.970069504829
  3.628768598190
  3.287467691552
  3.458344559429
  3.629221427306
  3.453298736346
  3.277376045386
  3.207778545461
  3.138181045536
  3.015683389199
  2.893185732862
  2.854584906734
  2.815984080606
  2.930776627725
  3.045569174844
  3.167563109249
  3.289557043654
  3.204568765485
  3.119580487317
  3.487990993321
  3.856401499325
  3.556794834865
  3.257188170405
  3.164712814800
  3.072237459194
  3.043256760924
  3.014276062654
  2.856996817177
  2.699717571700
  2.982113079959
  3.264508588217
  3.189841953574
  3.115175318932
  3.233406820994
  3.351638323057
  3.520853644196
  3.690068965335
  3.549112657031
  3.408156348727
  3.316775371085
  3.225394393443
  3.077163482614
  2.928932571785
  2.976292666145
  3.023652760505
  2.887828194577
  2.752003628650
  2.915334025898
  3.078664423146
  2.987969892798
  2.897275362450
  3.100924353214
  3.304573343979
  3.065533652087
  2.826493960195
  2.980966642253
  3.135439324311
  2.865112347398
  2.594785370486
  2.834999107150
  3.075212843815
  3.080941230174
  3.086669616533
  3.051191139619
  3.015712662705
  3.018874145817
  3.022035628929
  3.165462086942
  3.308888544955
  3.327782729522
  3.346676914090
  3.329792051761
  3.312907189433
  3.471920034514
  3.630932879596
  3.592228415939
  3.553523952282
  3.429047983474
  3.304572014665
  3.190526745080
  3.076481475494
  3.229742029420
  3.383002583346
  3.411222667919
  3.439442752491
  3.492000120537
  3.544557488582
  3.448367603326
  3.352177718070
  3.296647049451
  3.241116380831
  3.396430725414
  3.551745069997
  3.395657875164
  3.239570680331
  3.224939131205
  3.210307582080
  3.284436358076
  3.358565134072
  3.471857392851
  3.585149651630
  3.611653870567
  3.638158089504
  3.642528790572
