2.3459588058786993
4.455701312830944
2.98383878036689
1.6436335321706912
2.451485082883723
3.2708519862453045
3.135723089945389
3.0230754825158472
3.639670696013393
4.659517279178218
5.87292183986238
7.285167963662845
8.688942784936533
9.876000042055665
10.120873715676307
9.553277696957423
9.463976399649116
9.340150840183885
9.602630859524075
1960.1860588068857
1576.5352827969589
2036.4047336381277
2346536911026136e5
31095599931257067e13
2863323443656902e24
28633878671151455e23
18616397644480825e26
1861645098373241e27
18616450983725043e26
1861645099605594e27
18616450994850664e26
18616451155357702e26
1861645115647732e27
18616451156488804e26
18616451156505393e26
18616451157543186e26
18616454601290742e26
18616454601558128e26
18616499922057344e26
2130.21838955508
18924371045747447e17
14903651091838436e23
5489623230954694e31
5489623230954697e31
5489623231118963e31
5489623231453668e31
2202471809068828e39
2202471809068828e39
2202471809068828e39
2202471831222497e39
22024719137926487e38
2202471913792649e39
2202471913792649e39
22024719137926494e38
22024719137926763e38
22024719137926763e38
22024719137926763e38
22024719137926763e38
22024719137926763e38
1956.000000000001
11943831000597964e25
11947931526328843e25
24767146842716606e25
24902802140983945e25
25309777219451205e25
25309777392916037e25
2530977739336198e26
2531095245419231e26
25311493651918306e25
25311495513652908e25
25311516785180916e25
25311525991609144e25
2531152746698843e26
25311554636055804e25
2531155463784894e26
2531155486199672e26
2531653663755827e26
25323449265706673e25
25344186858172064e25
1957.360918200272
4359335834659616e24
17419960701543135e24
17441097740758124e24
1808488457097136e25
35210043777245755e24
37079419724936564e24
370796575037577e26
37079657551286837e24
3707965756167741e25
37079725492028144e24
3717841230334783e25
37178411934823266e24
3752225363887008e25
22080054445465416e25
2208005529090486e26
22080373224899327e25
30908402725794655e25
3090840273232108e26
30908405368013657e25
2149.397844994501
6284056968786075e24
6490485764076489e24
6490486527892362e24
649057976785466e25
649058460988554e25
4871769051158963e29
4871769051247455e29
4871769078470756e29
4871769078471605e29
4871769078720502e29
48717740450154436e28
4871774045162552e29
48717740451631526e28
4871774045167494e29
4871774052249706e29
4871886339285947e29
27333269979720487e32
27333269979725965e32
27333269979725965e32
2855.2404245957273
8952264873792795e21
8952272803330231e21
20229468308473756e25
8091391331389905e26
80913914642443e28
809141912778212e27
8091420880866382e26
8092062437375997e26
8093355499234737e26
8093355508938604e26
8093356879088891e26
8093356879095989e26
8094064051272868e26
8096185302206094e26
8096185302245105e26
8096185959701391e26
8096186476177482e26
8096187040846449e26
8096197480694157e26
1956.0029472648637
4267466465273318e24
42693464909363504e23
694828765981286e25
6948450644591355e24
6949065315243286e24
6949065317315017e24
6949065318702392e24
6949126719039806e24
6949126976773064e24
19031437481464462e24
3178158812515758e25
31781588130409926e24
31781588597222254e24
32425603333070278e24
3242560333338208e25
32425603342713917e24
32536980691946587e24
33023350224904533e24
38024531133826263e24
2194.157466874485
6350162356758674e20
6350192462878254e20
63570236826998624e19
11022575148308103e37
1102257514830811e38
1102257514830811e38
1102257514830811e38
11022575148308147e37
11022575149873714e37
1102257515544449e38
11022575155486419e37
11022575155486419e37
11022575155486419e37
11022575155486434e37
11022575155486434e37
11022575155488058e37
11022575155488063e37
11022575155488063e37
11022575155488063e37
1956.0000000000493
15660974123147765e17
2342575254031182e18
30418773971398027e17
15432331881499132e46
15432331881499132e46
15432331881499132e46
15432331881499132e46
15432331881499132e46
15432331881499132e46
15432331881499132e46
15432331881499132e46
15432331881499132e46
15432331881499132e46
15432331881499132e46
15432331881499132e46
15432331881499132e46
15432331882272038e46
15432331882272038e46
15432331882272038e46
1956.000000024981
2245119614010798e18
35995871131799486e17
8651949478325182e22
3685804573362811e27
3685804573649457e27
3853466139807323e27
3853466146576931e27
3853466146591535e27
385949230381528e28
3859494386819861e27
38594943866906157e26
3859478057352539e27
3859461731496822e27
3859461731614201e27
3859461732241621e27
3859461776617525e27
3859871581468417e27
3859871628121392e27
41590132193039724e26
2065.2316364913054
36992799438604184e13
35403163648690093e26
3540316387929789e27
17670227864126097e31
17670227864559076e31
17670227864992544e31
17670227864992572e31
17670227864992716e31
17670227864992655e31
1767033636900209e32
17670336369221363e31
17670336369857654e31
17670336369862794e31
17670336369883474e31
1768684635970983e32
17686846541282779e31
17686846541282797e31
17686846551641115e31
17686846551683874e31
1956.0000008254356
4792451345053629e16
4796393295753501e16
6356313905903045e22
15078978125356017e22
15079480111051176e22
1587098573264446e23
15870988467492123e22
18398971684134943e22
1839898051740046e23
18399867892265897e22
39365686595711556e34
3936568659571169e35
6073393450505286e37
6073393450535973e37
6073393450628555e37
6073393450628555e37
6073393450629823e37
6073393450629823e37
6073393450629821e37
1955.9999999996282
33559931663911986e20
39606128486362794e30
3960612848636318e31
3960612848636375e31
39606128486793593e30
39606128558833527e30
3960924610838413e31
396092461084171e32
39609246173511936e30
3960924617349101e31
3960937880553338e31
3960938001064656e31
39609380010646454e30
3960938001064969e31
39612810327527687e30
3962310127709702e31
396231012771032e32
39623101277281367e30
3962310203267944e31
1956.0000267023884
18062151498666962e18
2132961720159681e19
9760438940906978e26
662610119475467e35
6626101195037589e34
6626101195037589e34
6626101195037589e34
6626101195037644e34
6626101195037644e34
6626101195037647e34
6626101198872385e34
6626101201948871e34
6626101201948871e34
6626101201948873e34
6626101202106169e34
6626101202106173e34
6626101202113791e34
6626101203768548e34
6626101203768542e34
1956.0000002096679
22392931917714734e22
2239293758247568e23
22392937588927e25
22815185967806534e22
2281523139905826e23
4066849491695309e27
40668495892816294e26
40668495892820206e26
4066853246020252e27
19464395107814003e30
19464395104309306e30
19464483216157743e30
19464483216058886e30
19464483228646641e30
19473191604641717e30
19473191604641952e30
19473191604808613e30
19473191605871852e30
1947319174223716e31
1956.0027218349596
7507209497150925e17
1528163404275548e36
6112653617102192e36
6112653617102192e36
6112653617102192e36
6112653617102192e36
6112653617102166e36
6112653617106528e36
6112653617106528e36
6112653617106525e36
6112653617106525e36
6112653617106525e36
6112653617106525e36
6112653617106525e36
6112653617106525e36
6112653617106529e36
611265361710653e37
611265361710653e37
611265361710653e37
1956.0001022992826
23188234992551118e16
6437019882149704e21
2574759550098287e22
2574759554146831e22
2575075252853372e22
30405609263236675e21
30425154503429743e21
30425219005245325e21
5182066057701266e22
1780364425461906e26
33762962450104088e25
33762962642161858e25
3376296271501096e26
33762962728644318e25
9757980848451802e29
9757980848503953e29
9757980848504108e29
975814836391689e30
9758148365812592e29
1956.0166215952745
5720956739132769e16
2802983279023282e20
3641498264401359e20
3641909359706753e20
5039461578232152e24
50394619477601913e23
5039461960551936e24
5039461960652639e24
50394619618452784e23
5076973029848355e24
50769738746420727e23
50769740521426406e23
50769747333807136e23
245837385676558e32
24583738726988383e30
24583738723193797e30
2458373872322204e31
2458374440743723e31
2458376187713692e31
1956.0010983470856
10225110013338847e14
4608274970793221e16
3179791796517576e18
3305847231533375e18
1133506101389788e22
12779289811280209e29
12779289811283868e29
1277928981128389e30
12779289811283893e29
12779289870468229e29
12779289870522787e29
12779289870522822e29
12779289870558197e29
1277928987332318e30
12780504385802753e29
12780504385816166e29
12780505382420533e29
12780506214794088e29
22516607450129814e52
6018.461538461539
11147882989823073e26
11149435009446235e26
11149469108046115e26
11602019419918226e26
11602019419924565e26
2639586647257552e31
26395866472576326e30
2639586647257787e31
2639586647277634e31
26395866615159774e30
26395867042325417e30
26395867042325417e30
2639586705908532e31
26395867059077293e30
2639586705961737e31
263958670596178e32
26395867424900837e30
26396312147018115e30
2639631214701683e31
26396312188932257e30
2639631218896648e31
2639631218901492e31
2639631218903563e31
2640601183010277e31
26406011830102717e30
26407850086283545e30
2640785036940226e31
2640785037304589e31
2640785037302535e31
2641805852504204e31
2641805852504211e31
26418058525204624e30
2641805852496634e31
2641805852496633e31
26418058524966367e30
26418062705542195e30
2641806270862368e31
2641806270862363e31
2641806270862362e31
2641806270862793e31
2641806272253928e31
2641806287916942e31
26418363535947324e30
39936980680132365e31
39936980680132365e31
3993698068013491e32
3993698068013492e32
3993698067943572e32
39936980679138015e31
399369806820516e33
17134115839282252e32
17134115839282207e32
17136399789359295e32
17136399796184842e32
17136435277744588e32
17136435277744987e32
17136435277968265e32
17136435277970238e32
17136435277972052e32
17136435278117735e32
1713643536854415e33
17136520192540344e32
17136520192540344e32
17136520193132986e32
17136520193133236e32
1713652019314684e33
17136520207459004e32
17136520207459705e32
17137417456566674e32
1713741744068267e33
1713741744068054e33
17138093491986022e32
17138093491995842e32
17138093491989436e32
17138093491989442e32
17138093491989432e32
17138093491989426e32
17138093491989793e32
17138093491990176e32
17138093491990176e32
17138097321871347e32
17138097321877912e32
17138097321885992e32
171380973218838e34
17138097321896695e32
17138097321937484e32
17138569104494816e32
17138570585735558e32
171386190865423e34
17138619086541466e32
17152293548292977e32
1715229367952658e33
129043423719582e35
12904342371958201e33
12904342371996536e33
12904342372004815e33
12904342372004963e33
12904342372024006e33
12904342372202213e33
12904342372202213e33
12904342372202242e33
1290434237220223e34
12904342372202224e33
12904342372202203e33
12904342372204025e33
12904342372208353e33
12904342372207665e33
12904342372207642e33
12904342372208034e33
12904342895428311e33
12904342895617672e33
12904342895616563e33
12904342895614562e33
12904342897285518e33
12904342897285464e33
12904342897286014e33
12904342897285734e33
12904342911411e36
12904931376955388e33
1290499798436266e34
12904997984364914e33
12904997984361352e33
12904997984362313e33
12904997984361612e33
12904997984312503e33
12904997984313773e33
12904997984313843e33
1295371553708157e34
12953715543260359e33
27096354036055634e33
2709635403605774e34
27096354036059014e33
27096354036058967e33
2709635403609204e34
2709635403609204e34
27096354036092416e33
2709635403608962e34
27096354034153114e33
27096354034128564e33
27096354034128637e33
27096351254576247e33
2709635126822643e34
2709635126822644e34
27096351268226453e33
2709635126822654e34
2709635126824926e34
27096351268079864e33
2709635158928135e34
2709635158919641e34
2709635172812884e34
2709635172812793e34
27096351728125185e33
27096351728125216e33
27096351728119567e33
27096351728119884e33
2709635172832917e34
2709635172842942e34
27096351728769134e33
2709635172876044e34
27096351751182955e33
2709635175118301e34
27096351757608584e33
27096351757711734e33
27096351809902147e33
27096351818337267e33
27096351818337376e33
2709635181834044e34
2709635181834075e34
2709870485199544e34
27098704851216224e33
270987048279741e35
270987048279733e35
270987048279733e35
2709870482797294e34
27098704839682315e33
2709870483968232e34
27098704839682003e33
2709870483968187e34
27098705433245255e33
27098705433245276e33
2709870543324641e34
27098705433246304e33
27098706316717037e33
2709870632077549e34
20981388716779745e34
20981388716738643e34
20981388716730755e34
2098138871673126e35
2098140165892151e35
5031652809787569e37
5031652809787566e37
5031652809787567e37
5031652809787568e37
1527908209612593e38
15279082096125919e37
15279082096125876e37
1527908209612588e38
1527908209612588e38
1527908209612588e38
15279082096125863e37
15279082096125865e37
15279082096125865e37
15279082096125049e37
15279082096125117e37
15279082096125117e37
15279082096125117e37
15279082096125117e37
1527908209615807e38
1527908209615807e38
15279082096192805e37
1527908209619281e38
15279082096255592e37
2668405723316808e51
2668405723316808e51
2668405723316808e51
2668405723316808e51
2668405723316808e51
2668405723316808e51
2668405723316808e51
2668405723316808e51
2668405723316808e51
2668405723316808e51
2668405723316808e51
2668405723316808e51
2668405723316808e51
2668405723316808e51
2668405723316808e51
2668405723316808e51
2668405723316808e51
2668405723316808e51
2668405723316808e51
2668405723316808e51
2668405723316808e51
2668405723316808e51
2668405723316808e51
2668405723316808e51
2668405723316808e51
2668405723316808e51
2668405723316808e51
2668405723316808e51
2668405723316808e51
2668405723316808e51
2668405723316808e51
2668405723316808e51
2668405723316808e51
2668405723316808e51
2668405723316808e51
2668405723316808e51
2668405723316808e51
2668405723316808e51
2668405723316808e51
2668405723316808e51
2668405723316808e51
2668405723316808e51
2668405723316808e51
2668405723316808e51
2668405723316808e51
2668405723316808e51
2668405723316808e51
2668405723316808e51
2668405723316808e51
2668405723316808e51
2668405723316808e51
2668405723316808e51
2668405723316808e51
2668405723722331e51
2668405723722331e51
2668405723722331e51
2668405723722331e51
2668405723722331e51
2668405723722331e51
2668405723722331e51
2668405723722331e51
2668405723722331e51
2668405723722331e51
2668405723722331e51
2668405723722331e51
2668405723722331e51
2668405723722331e51
2668405723722331e51
2668405723722331e51
2668405723722331e51
2668405723722331e51
26684057237238263e50
26684057237238263e50
26684057237238263e50
26684057237238263e50
26684057237238263e50
26684057237238263e50
26684057237238263e50
26684057237238263e50
26684057237238263e50
26684057237238263e50
26684057237238263e50
26684057237238263e50
26684057237238263e50
26684057237238263e50
26684057237238263e50
26684057237238263e50
26684057237238263e50
26684057237238263e50
26684057237238263e50
26684057237238263e50
26684057237238263e50
26684057237238263e50
26684057237238263e50
26684057237238263e50
26684057237238263e50
26684057237238263e50
26684057237238263e50
26684057237238263e50
26684057237238263e50
26684057237238263e50
26684057237238263e50
26684057237238263e50
26684057237238263e50
26684057237238263e50
26684057237238263e50
26684057237238263e50
26684057237238263e50
26684057237238263e50
26684057237238263e50
26684057237238263e50
26684057237238263e50
26684057237238263e50
26684057237238263e50
26684057237238263e50
26684057237238263e50
26684057237238263e50
26684057237238263e50
26684057237238263e50
26684057237238263e50
26684057237238263e50
26684057237238263e50
26684057237238263e50
26684057237238263e50
26684057237238263e50
26684057237238263e50
26684057237238263e50
26684057237238263e50
26684057237238263e50
26684057237238263e50
26684057237238263e50
26684057237238263e50
26684057237238263e50
26684057237238263e50
26684057237238263e50
26684057237238263e50
26684057237238263e50
26684057237238263e50
26684057237238263e50
26684057237238263e50
26684057237238263e50
26684057237238263e50
26684057237238263e50
26684057237238263e50
26684057237238263e50
26684057237238263e50
26684057237238263e50
26684057237238263e50
26684057237238263e50
26684057237238263e50
26684057237238263e50
26684057237238263e50
26684057237238263e50
26684057237238263e50
26684057237238263e50
26684057237238263e50
26684057237238263e50
26684057237238263e50
26684057237238263e50
26684057237238263e50
26684057237238263e50
26684057237238263e50
26684057237238263e50
26684057237238263e50
26684057237238263e50
26684057237238263e50
26684057237238263e50
26684057237238263e50
26684057237238263e50
26684057237238263e50
26684057237238263e50
26684057237238263e50
26684057237238263e50
26684057237238263e50
26684057237238263e50
26684057237238263e50
26684057237238263e50
26684057237238263e50
26684057237238263e50
26684057237238263e50
26684057237238263e50
26684057237238263e50
26684057237238263e50
26684057237238263e50
26684057237238263e50
26684057237238263e50
26684057237238263e50
26684057237238263e50
26684057237238263e50
26684057237238263e50
26684057237238263e50
26684057237238263e50
26684057237238263e50
26684057237238263e50
26684057237238263e50
26684057237238263e50
26684057237238263e50
26684057237238263e50
26684057237238263e50
26684057237238263e50
26684057237238263e50
26684057237238263e50
26684057237238263e50
26684057237238263e50
26684057237238263e50
26684057237238263e50
26684057237238263e50
26684057237238263e50
26684057237238263e50
26684057237238263e50
26684057237238263e50
26684057237238263e50
26684057237238263e50
26684057237238263e50
26684057237238263e50
26684057237238263e50
26684057237238263e50
26684057237238263e50
26684057237238263e50
26684057237238263e50
26684057237238263e50
26684057237238263e50
26684057237238263e50
26684057237238263e50
26684057237238263e50
26684057237238263e50
26684057237238263e50
26684057237238263e50
26684057237238263e50
26684057237238263e50
26684057237238263e50
26684057237238263e50
26684057237238263e50
26684057237238263e50
26684057237238263e50
26684057237238263e50
26684057237238263e50
26684057237238263e50
26684057237238263e50
26684057237238263e50
26684057237238263e50
26684057237238263e50
26684057237238263e50
26684057237238263e50
26684057237238263e50
26684057237238263e50
26684057237238263e50
26684057237238263e50
26684057237238263e50
26684057237238263e50
26684057237238263e50
26684057237238263e50
26684057237238263e50
26684057237238263e50
26684057237238263e50
26684057237238263e50
26684057237238263e50
26684057237238263e50
26684057237238263e50
26684057237238263e50
26684057237238263e50
26684057237238263e50
26684057237238263e50
26684057237238263e50
26684057237238263e50
26684057237238263e50
26684057237238263e50
26684057237238263e50
26684057237238263e50
26684057237238263e50
26684057237238263e50
26684057237238263e50
26684057237238263e50
26684057237238263e50
26684057237238263e50
26684057237238263e50
26684057237238263e50
26684057237238263e50
26684057237238263e50
26684057237238263e50
26684057237238263e50
26684057237238263e50
26684057237238263e50
26684057237238263e50
26684057237238263e50
26684057237238263e50
26684057237238263e50
26684057237238263e50
26684057237238263e50
26684057237238263e50
26684057237238263e50
26684057237238263e50
26684057242251768e50
26684057242251768e50
26684057242251768e50
26684057242251768e50
26684057242251768e50
26684057242251768e50
26684057242251768e50
26684057242251768e50
26684057242251768e50
26684057242251768e50
26684057242251768e50
26684057242251768e50
26684057242251768e50
26684057242251768e50
26684057242251768e50
26684057242251768e50
26684057242251768e50
26684057242251768e50
26684057242251768e50
26684057242251768e50
26684057242251768e50
26684057242251768e50
26684057242251768e50
26684057242251768e50
26684057242251768e50
26684057242251768e50
26684057242251768e50
26684057242251768e50
26684057242251768e50
26684057242251768e50
26684057242251768e50
26684057242251768e50
26684057242251768e50
26684057242251768e50
26684057242251768e50
26684057242251768e50
26684057242251768e50
26684057242251768e50
26684057242251768e50
26684057242251768e50
26684057242251768e50
26684057242251768e50
26684057242251768e50
26684057242251768e50
26684057242251768e50
26684057242251768e50
26684057242251768e50
26684057242251768e50
26684057242251768e50
26684057242251768e50
26684057242251768e50
26684057242251768e50
26684057242251768e50
26684057242251768e50
26684057242251768e50
26684057242251768e50
26684057242251768e50
26684057242251768e50
26684057242251768e50
26684057242251768e50
26684057242251768e50
26684057242251768e50
26684057242251768e50
26684057242251768e50
26684057242251768e50
26684057242251768e50
26684057242251768e50
26684057242251768e50
26684057242251768e50
26684057242251768e50
26684057242251768e50
26684057242251768e50
26684057242251768e50
26684057242251768e50
26684057242251768e50
26684057242251768e50
26684057242251768e50
26684057242251768e50
26684057242251768e50
26684057242251768e50
26684057242251768e50
26684057242251768e50
26684057242251768e50
26684057242251768e50
26684057242251768e50
26684057242251768e50
26684057242251768e50
26684057242251768e50
26684057242251768e50
26684057242251768e50
26684057242251768e50
26684057242251768e50
26684057242251768e50
26684057242251768e50
26684057242251768e50
26684057242251768e50
26684057242251768e50
2668405724226698e51
26684057242312615e50
26684057242312615e50
26684057242312615e50
26684057242312615e50
26684057242312615e50
26684057242312615e50
26684057242312615e50
26684057242312615e50
26684057242312615e50
26684057242312615e50
26684057242312615e50
26684057242312615e50
26684057242312615e50
26684057242312615e50
26684057242312615e50
26684057242312615e50
26684057242312615e50
26684057242312615e50
26684057242312615e50
26684057242312615e50
26684057242312615e50
26684057242312615e50
26684057242312615e50
26684057242312615e50
26684057242312615e50
26684057242312615e50
26684057242312615e50
26684057242312615e50
26684057242312615e50
26684057242312615e50
26684057242312615e50
26684057242312615e50
26684057242312615e50
26684057242312615e50
26684057242312615e50
26684057242312615e50
26684057242312615e50
26684057242312615e50
26684057242312615e50
26684057242312615e50
26684057242312615e50
26684057242312615e50
26684057242312615e50
26684057242312615e50
26684057242312615e50
26684057242312615e50
26684057242312615e50
26684057242312615e50
26684057242312615e50
26684057242312615e50
26684057242312615e50
26684057242312615e50
26684057242312615e50
26684057242312615e50
26684057242312615e50
26684057242312615e50
26684057242312615e50
26684057242312615e50
26684057242312615e50
26684057242312615e50
26684057242312615e50
26684057242312615e50
26684057242312615e50
26684057242312615e50
26684057242312615e50
26684057242312615e50
26684057242312615e50
26684057242312615e50
26684057242312615e50
26684057242312615e50
26684057242312615e50
26684057242312615e50
26684057242312615e50
26684057242312615e50
26684057242312615e50
26684057242312615e50
26684057242312615e50
26684057242312615e50
26684057242312615e50
26684057242312615e50
26684057242312615e50
26684057242312615e50
26684057242312615e50
26684057242312615e50
26684057242312615e50
26684057242312615e50
26684057242312615e50
26684057242312615e50
26684057242312615e50
26684057242312615e50
26684057242312615e50
26684057242312615e50
26684057242312615e50
26684057242312615e50
26684057242312615e50
26684057242312615e50
26684057242312615e50
26684057242312615e50
26684057242312615e50
26684057242312615e50
26684057242312615e50
26684057242312615e50
26684057242312615e50
26684057242312615e50
26684057242312615e50
26684057242312615e50
26684057242312615e50
26684057242312615e50
26684057242312615e50
26684057242312615e50
26684057242312615e50
26684057242312615e50
26684057242312615e50
26684057242312615e50
26684057242312615e50
26684057242312615e50
26684057242312615e50
26684057242312615e50
26684057242312615e50
26684057242312615e50
26684057242312615e50
26684057242312615e50
26684057242312615e50
26684057242312615e50
26684057242312615e50
26684057242312615e50
26684057242312615e50
2668405724231293e51
2668405724231293e51
2668405724231293e51
2668405724231293e51
2668405724231293e51
2668405724231293e51
2668405724231293e51
2668405724231293e51
2668405724231293e51
2668405724231293e51
2668405724231293e51
2668405724231293e51
2668405724231293e51
2668405724231293e51
2668405724231293e51
2668405724231293e51
2668405724231293e51
2668405724231293e51
2668405724231293e51
2668405724231293e51
2668405724231293e51
2668405724231293e51
2668405724231293e51
2668405724231293e51
2668405724231293e51
2668405724231293e51
2668405724231293e51
2668405724231293e51
2668405724231293e51
2668405724231293e51
2668405724231293e51
2668405724231293e51
2668405724231293e51
2668405724231293e51
2668405724231293e51
2668405724231293e51
2668405724231293e51
2668405724231293e51
2668405724231293e51
2668405724231293e51
2668405724231293e51
2668405724231293e51
2668405724231293e51
2668405724231293e51
2668405724231293e51
2668405724231293e51
2668405724231293e51
2668405724231293e51
2668405724231293e51
2668405724231293e51
2668405724231293e51
2668405724231293e51
2668405724231293e51
2668405724231293e51
2668405724231293e51
2668405724231293e51
2668405724231293e51
2668405724231293e51
2668405724231293e51
2668405724231293e51
2668405724231293e51
2668405724231293e51
2668405724231293e51
2668405724231293e51
2668405724231293e51
2668405724231293e51
2668405724231293e51
2668405724231293e51
2668405724231293e51
2668405724231293e51
2668405724231293e51
2668405724231293e51
2668405724231293e51
2668405724231293e51
2668405724231293e51
2668405724231293e51
2668405724231293e51
2668405724231293e51
2668405724231293e51
2668405724231293e51
2668405724231293e51
2668405724231293e51
2668405724231293e51
2668405724231293e51
2668405724231293e51
2668405724231293e51
2668405724231293e51
2668405724231293e51
2668405724231293e51
2668405724231293e51
2668405724231293e51
2668405724231293e51
2668405724231293e51
2668405724231293e51
2668405724231293e51
2668405724231293e51
2668405724231293e51
2668405724231293e51
2668405724231293e51
26684057242312933e50
26684057242312933e50
26684057242312933e50
26684057242312933e50
26684057242312933e50
26684057242312933e50
26684057242312933e50
26684057242312933e50
26684057242312933e50
26684057242312933e50
26684057242312933e50
26684057242312933e50
26684057242312933e50
26684057242312933e50
26684057242312933e50
26684057242312933e50
26684057242312933e50
26684057242312933e50
26684057242312933e50
26684057242312933e50
26684057242312933e50
26684057242312933e50
26684057242312933e50
26684057242312933e50
26684057242312933e50
26684057242312933e50
26684057242312933e50
26684057242312933e50
26684057242312933e50
26684057242312933e50
26684057242312933e50
26684057242312933e50
26684057242312933e50
26684057242312933e50
26684057242312933e50
26684057242312933e50
26684057242312933e50
26684057242312933e50
26684057242312933e50
26684057242312933e50
26684057242312933e50
26684057242312933e50
26684057242312933e50
26684057242312933e50
26684057242312933e50
26684057242312933e50
26684057242312933e50
26684057242312933e50
26684057242312933e50
26684057242312933e50
26684057242312933e50
26684057242312933e50
26684057242312933e50
26684057242312933e50
26684057242312933e50
26684057242312933e50
26684057242312933e50
26684057242312933e50
26684057242312933e50
26684057242312933e50
26684057242312933e50
26684057242312933e50
26684057242312933e50
26684057242312933e50
26684057242312933e50
26684057242312933e50
26684057242312933e50
26684057242312933e50
26684057242312933e50
26684057242312933e50
26684057242312933e50
26684057242312933e50
26684057242312933e50
26684057242312933e50
26684057242312933e50
26684057242312933e50
26684057242312933e50
26684057242312933e50
26684057242312933e50
26684057242312933e50
26684057242312933e50
26684057242312933e50
26684057242312933e50
26684057242312933e50
26684057242312933e50
26684057242312933e50
26684057242312933e50
26684057242312933e50
26684057242312933e50
26684057242312933e50
26684057242312933e50
26684057242312933e50
26684057242312933e50
26684057242312933e50
26684057242312933e50
26684057242312933e50
26684057242312933e50
26684057242312933e50
26684057242312933e50
26684057242312933e50
26684057242312933e50
26684057242312933e50
26684057242312933e50
26684057242312933e50
26684057242312933e50
26684057242312933e50
26684057242312933e50
26684057242312933e50
26684057242312933e50
2668405724231294e51
2668405724231294e51
2668405724231294e51
2668405724231294e51
2668405724231294e51
2668405724231294e51
2668405724231294e51
2668405724231294e51
2668405724231294e51
2668405724231294e51
2668405724231294e51
2668405724231294e51
2668405724231294e51
2668405724231294e51
2668405724231294e51
2668405724231294e51
2668405724231294e51
2668405724231294e51
2668405724231294e51
2668405724231294e51
2668405724231294e51
2668405724231294e51
2668405724231294e51
2668405724231294e51
2668405724231294e51
2668405724231294e51
2668405724231294e51
2668405724231294e51
2668405724231294e51
2668405724231294e51
2668405724231294e51
2668405724231294e51
2668405724231294e51
2668405724231294e51
2668405724231294e51
2668405724231294e51
2668405724231294e51
2668405724231294e51
2668405724231294e51
2668405724231294e51
2668405724231294e51
2668405724231294e51
2668405724231294e51
2668405724231294e51
2668405724231294e51
2668405724231294e51
2668405724231294e51
2668405724231294e51
2668405724231294e51
2668405724231294e51
2668405724231294e51
2668405724231294e51
2668405724231294e51
2668405724231294e51
2668405724231294e51
2668405724231294e51
2668405724231294e51
2668405724231294e51
2668405724231294e51
2668405724231294e51
2668405724231294e51
2668405724231294e51
2668405724231294e51
2668405724231294e51
2668405724231294e51
2668405724231294e51
2668405724231294e51
2668405724231294e51
2668405724231294e51
2668405724231294e51
2668405724231294e51
2668405724231294e51
2668405724231294e51
2668405724231294e51
2668405724231294e51
2668405724231294e51
2668405724231294e51
2668405724231294e51
2668405724231294e51
2668405724231294e51
2668405724231294e51
2668405724231294e51
2668405724231294e51
2668405724231294e51
2668405724231294e51
2668405724231294e51
2668405724231294e51
2668405724231294e51
2668405724231294e51
2668405724231294e51
2668405724231294e51
2668405724231294e51
2668405724231294e51
2668405724231294e51
2668405724231294e51
2668405724231294e51
2668405724231294e51
2668405724231294e51
2668405724231294e51
2668405724231294e51
2668405724231294e51
2668405724231294e51
2668405724231294e51
2668405724231294e51
2668405724231294e51
2668405724231294e51
2668405724231294e51
2668405724231294e51
2668405724231294e51
2668405724231294e51
2668405724231294e51
2668405724231294e51
2668405724231294e51
2668405724231294e51
2668405724231294e51
2668405724231294e51
2668405724231294e51
2668405724231294e51
2668405724231294e51
2668405724231294e51
2668405724231294e51
2668405724231294e51
2668405724231294e51
2668405724231294e51
2668405724231294e51
2668405724231294e51
2668405724231294e51
2668405724231294e51
2668405724231294e51
2668405724231294e51
2668405724231294e51
2668405724231294e51
2668405724231294e51
2668405724231294e51
2668405724231294e51
2668405724231294e51
2668405724231294e51
2668405724231294e51
2668405724231294e51
2668405724231294e51
2668405724231294e51
2668405724231294e51
2668405724231294e51
2668405724231294e51
2668405724231294e51
2668405724231294e51
2668405724231294e51
2668405724231294e51
2668405724231294e51
2668405724231294e51
2668405724231294e51
2668405724231294e51
2668405724231294e51
2668405724231294e51
2668405724231294e51
2668405724231294e51
2668405724231294e51
2668405724231294e51
2668405724231294e51
2668405724231294e51
2668405724231294e51
2668405724231294e51
2668405724231294e51
2668405724231294e51
2668405724231294e51
2668405724231294e51
2668405724231294e51
2668405724231294e51
2668405724231294e51
2668405724231294e51
2668405724231294e51
2668405724231294e51
2668405724231294e51
2668405724231294e51
2668405724231294e51
2668405724231294e51
2668405724231294e51
2668405724231294e51
2668405724231294e51
2668405724231294e51
2668405724231294e51
2668405724231294e51
2668405724231294e51
2668405724231294e51
2668405724231294e51
2668405724231294e51
2668405724231294e51
2668405724231294e51
2668405724231294e51
2668405724231294e51
2668405724231294e51
2668405724231294e51
2668405724231294e51
2668405724231294e51
2668405724231294e51
2668405724231294e51
2668405724231294e51
2668405724231294e51
2668405724231294e51
2668405724231294e51
2668405724231294e51
2668405724231294e51
2668405724231294e51
2668405724231294e51
2668405724231294e51
2668405724231294e51
2668405724231294e51
2668405724231294e51
2668405724231294e51
2668405724231294e51
2668405724231294e51
2668405724231294e51
2668405724231294e51
2668405724231294e51
2668405724231294e51
2668405724231294e51
2668405724231294e51
2668405724231294e51
2668405724231294e51
2668405724231294e51
2668405724231294e51
2668405724231294e51
2668405724231294e51
2668405724231294e51
2668405724231294e51
2668405724231294e51
2668405724231294e51
2668405724231294e51
2668405724231294e51
2668405724231294e51
2668405724231294e51
2668405724231294e51
2668405724231294e51
2668405724231294e51
2668405724231294e51
2668405724231294e51
2668405724231294e51
2668405724231294e51
2668405724231294e51
2668405724231294e51
2668405724231294e51
2668405724231294e51
2668405724231294e51
2668405724231294e51
2668405724231294e51
2668405724231294e51
2668405724231294e51
2668405724231294e51
2668405724231294e51
2668405724231294e51
2668405724231294e51
2668405724231294e51
2668405724231294e51
2668405724231294e51
2668405724231294e51
2668405724231294e51
2668405724231294e51
2668405724231294e51
2668405724231294e51
2668405724231294e51
2668405724231294e51
2668405724231294e51
2668405724231294e51
2668405724231294e51
2668405724231294e51
2668405724231294e51
2668405724231294e51
2668405724231294e51
2668405724231294e51
2668405724231294e51
2668405724231294e51
2668405724231294e51
2668405724231294e51
2668405724231294e51
2668405724231294e51
2668405724231294e51
2668405724231294e51
2668405724231294e51
2668405724231294e51
2668405724231294e51
2668405724231294e51
2668405724231294e51
2668405724231294e51
2668405724231294e51
2668405724231294e51
2668405724231294e51
2668405724231294e51
2668405724231294e51
2668405724231294e51
2668405724231294e51
2668405724231294e51
2668405724231294e51
2668405724231294e51
2668405724231294e51
2668405724231294e51
2668405724231294e51
2668405724231294e51
2668405724231294e51
2668405724231294e51
2668405724231294e51
2668405724231294e51
2668405724231294e51
2668405724231294e51
2668405724231294e51
2668405724231294e51
2668405724231294e51
2668405724231294e51
2668405724231294e51
2668405724231294e51
2668405724231294e51
2668405724231294e51
2668405724231294e51
2668405724231294e51
2668405724231294e51
2668405724231294e51
2668405724231294e51
2668405724231294e51
2668405724231294e51
2668405724231294e51
2668405724231294e51
2668405724231294e51
2668405724231294e51
2668405724231294e51
2668405724231294e51
2668405724231294e51
2668405724231294e51
2668405724231294e51
2668405724231294e51
2668405724231294e51
2668405724231294e51
2668405724231294e51
2668405724231294e51
2668405724231294e51
2668405724231294e51
2668405724231294e51
2668405724231294e51
2668405724231294e51
2668405724231294e51
2668405724231294e51
2668405724231294e51
2668405724231294e51
26684057242313064e50
26684057242313064e50
26684057242313064e50
26684057242313064e50
26684057242313064e50
26684057242313064e50
26684057242313064e50
26684057242313064e50
26684057242313064e50
26684057242313064e50
26684057242313064e50
26684057242313064e50
26684057242313064e50
26684057242313064e50
26684057242313064e50
26684057242313064e50
26684057242313064e50
26684057242313064e50
26684057242313064e50
26684057242313064e50
26684057242313064e50
26684057242313064e50
26684057242313064e50
26684057242313064e50
26684057242313064e50
26684057242313064e50
26684057242313064e50
26684057242313064e50
26684057242313064e50
26684057242313064e50
26684057242313064e50
26684057242313064e50
26684057242313064e50
26684057242313064e50
26684057242313064e50
26684057242313064e50
26684057242313064e50
26684057242313064e50
26684057242313064e50
26684057242313064e50
26684057242313064e50
26684057242313064e50
26684057242313064e50
26684057242313064e50
26684057242313064e50
26684057242313064e50
26684057242313064e50
26684057242313064e50
26684057242313064e50
26684057242313064e50
26684057242313064e50
26684057242313064e50
26684057242313064e50
26684057242313064e50
26684057242313064e50
26684057242313064e50
26684057242313064e50
26684057242313064e50
26684057242313064e50
26684057242313064e50
26684057242313064e50
26684057242313064e50
26684057242313064e50
26684057242313064e50
26684057242313064e50
26684057242313064e50
26684057242313064e50
26684057242313064e50
26684057242313064e50
26684057242313064e50
26684057242313064e50
26684057242313064e50
26684057242313064e50
26684057242313064e50
26684057242313064e50
26684057242313064e50
26684057242313064e50
26684057242313064e50
26684057242313064e50
26684057242313064e50
26684057242313064e50
26684057242313064e50
26684057242313064e50
26684057242313064e50
26684057242313064e50
26684057242313064e50
26684057242313064e50
26684057242313064e50
26684057242313064e50
26684057242313064e50
26684057242313064e50
26684057242313064e50
26684057242313064e50
26684057242313064e50
26684057242313064e50
26684057242313064e50
26684057242313064e50
26684057242313064e50
26684057242313064e50
26684057242313064e50
26684057242313064e50
26684057242313064e50
26684057242313064e50
26684057242313064e50
26684057242313064e50
26684057242313064e50
26684057242313064e50
26684057242313064e50
26684057242313064e50
26684057242313064e50
26684057242313064e50
26684057242313064e50
26684057242313064e50
26684057242313064e50
26684057242313064e50
26684057242313064e50
26684057242313064e50
26684057242313064e50
26684057242313064e50
26684057242313064e50
26684057242313064e50
26684057242313064e50
26684057242313064e50
26684057242313064e50
26684057242313064e50
26684057242313064e50
26684057242313064e50
26684057242313064e50
26684057242313064e50
26684057242313064e50
26684057242313064e50
26684057242313064e50
26684057242313064e50
26684057242313064e50
26684057242313064e50
26684057242313064e50
26684057242313064e50
26684057242313064e50
26684057242313064e50
26684057242313064e50
26684057242313064e50
26684057242313064e50
26684057242313064e50
26684057242313064e50
26684057242313064e50
26684057242313064e50
26684057242313064e50
26684057242313064e50
26684057242313064e50
26684057242313064e50
26684057242313064e50
26684057242313064e50
26684057242313064e50
26684057242313064e50
26684057242313098e50
26684057242313098e50
26684057242313098e50
26684057242313098e50
26684057242313098e50
26684057242313098e50
26684057242313098e50
26684057242313098e50
26684057242313098e50
26684057242313098e50
26684057242313098e50
26684057242313098e50
26684057242313098e50
26684057242313098e50
26684057242313098e50
26684057242313098e50
26684057242313098e50
26684057242313098e50
26684057242313098e50
26684057242313098e50
26684057242313098e50
26684057242313098e50
26684057242313098e50
26684057242313098e50
26684057242313098e50
26684057242313098e50
26684057242313098e50
26684057242313098e50
26684057242313098e50
26684057242313098e50
26684057242313098e50
26684057242313098e50
26684057242313098e50
26684057242313098e50
26684057242313098e50
26684057242313098e50
26684057242313098e50
26684057242313098e50
26684057242313098e50
26684057242313098e50
26684057242313098e50
26684057242313098e50
26684057242313098e50
26684057242313098e50
26684057242313098e50
26684057242313098e50
26684057242313098e50
26684057242313098e50
26684057242313098e50
26684057242313098e50
26684057242313098e50
26684057242313098e50
26684057242313098e50
26684057242313098e50
26684057242313098e50
26684057242313098e50
26684057242313098e50
26684057242313098e50
26684057242313098e50
26684057242313098e50
26684057242313098e50
26684057242313098e50
26684057242313098e50
26684057242313098e50
26684057242313098e50
26684057242313098e50
26684057242313098e50
26684057242313098e50
26684057242313098e50
26684057242313098e50
26684057242313098e50
26684057242313098e50
26684057242313098e50
26684057242313098e50
26684057242313098e50
26684057242313098e50
26684057242313098e50
26684057242313098e50
26684057242313098e50
26684057242313098e50
26684057242313098e50
26684057242313098e50
26684057242313098e50
26684057242313098e50
26684057242313098e50
26684057242313098e50
26684057242313098e50
26684057242313098e50
26684057242313098e50
26684057242313098e50
26684057242313098e50
26684057242313098e50
26684057242313098e50
26684057242313098e50
26684057242313098e50
26684057242313098e50
26684057242313098e50
26684057242313098e50
26684057242313098e50
26684057242313098e50
26684057242313098e50
26684057242313098e50
26684057242313098e50
26684057242313098e50
26684057242313098e50
26684057242313098e50
26684057242313098e50
26684057242313098e50
26684057242313098e50
26684057242313098e50
26684057242313098e50
26684057242313098e50
26684057242313098e50
26684057242313098e50
26684057242313098e50
26684057242313098e50
26684057242313098e50
26684057242313098e50
26684057242313098e50
26684057242313098e50
26684057242313098e50
26684057242313098e50
26684057242313098e50
26684057242313098e50
26684057242313098e50
26684057242313098e50
26684057242313098e50
26684057242313098e50
26684057242313098e50
26684057242313098e50
26684057242313098e50
26684057242313098e50
26684057242313098e50
26684057242313098e50
26684057242313098e50
26684057242313098e50
26684057242313098e50
26684057242313098e50
26684057242313098e50
26684057242313098e50
26684057242313098e50
26684057242313098e50
26684057242313098e50
26684057242313098e50
26684057242313098e50
26684057242313098e50
26684057242313098e50
26684057242313098e50
26684057242313098e50
26684057242313098e50
26684057242313098e50
26684057242313098e50
26684057242313098e50
26684057242313098e50
26684057242313098e50
26684057242313098e50
26684057242313098e50
26684057242313098e50
26684057242313098e50
26684057242313098e50
26684057242313098e50
26684057242313098e50
26684057242313098e50
26684057242313098e50
26684057242313098e50
26684057242313098e50
26684057242313098e50
26684057242313098e50
