2.3373721747391447
4.517490278841081
3.0941063150849426
1.6599905631240524
2.4913037009554255
3.388685358783931
3.2102589247113897
3.0133259565638078
3.836666649847828
5.063000000911549
6.271191459445156
7.728318547098697
9.080855600864837
9.696622972904354
9.685120425634736
9.180778094338121
9.486174971639707
9.512048396493817
9.29840041994534
1603.7113819614656
1291.8252064183002
1376.2762630666384
1371.0146838309586
4873174853763108e5
8704705670641916e12
5940403053065839e17
5946282809321981e17
1904349955557642e24
19043499565094966e23
1904349968924268e24
19448578319897593e23
19450093983829818e23
20415938395607365e23
2331254334713976e24
23312544891155793e23
2331255918617162e24
2641810559024304e28
26418103614826706e27
2642282874848363e28
11156.559739209792
34784836616564616e18
34833817004207844e18
35007016852604934e18
3745524278709189e19
18754168665349857e20
1912178460816693e21
19130464206630007e20
1925049021043725e21
2808140332528324e21
8582326596642154e24
10241832451474747e28
4096475510950178e29
40964755109505545e28
4096475510986779e29
4096475512395537e29
4096475512395535e29
409647551240308e30
4096475512558554e29
4096475512568852e29
1603.5000000369232
5387751852355585e23
21550990198836428e23
20738453737721796e30
20738453746830865e30
20738453746830875e30
20738453747758521e30
2073846977572179e31
20738469775721804e30
20738469775722354e30
20738469775862965e30
20738469775862975e30
20738469774688403e30
20738501107368608e30
20738501111792562e30
20738501111790544e30
2073850111179066e31
2073850111193179e31
20738501111926912e30
2073850111193482e31
1603.5000001940218
7929300071968232e14
1745420357769146e24
6982691700242962e24
2899104109583501e33
11596416417386979e33
11596416417386977e33
11596416418613034e33
11596416422281261e33
11596417599746612e33
11596417599746612e33
11596417599746612e33
1159641759974128e34
11596417599741282e33
1160116949598531e34
11601169496172805e33
1160116949652372e34
11601169925377229e33
11601169930894568e33
11601169930894568e33
1603.5000189935818
29281593057433848e35
29281593057433854e35
29281593057433854e35
29281593057433854e35
29281593057434775e35
29281593057434775e35
29281593057434835e35
29281593057434835e35
29281593057440484e35
29281593057457053e35
29281593057457142e35
29281593057457142e35
2928159305746553e36
29281593735832558e35
29281593735833578e35
29281593735833578e35
29281593735833578e35
29281593735834545e35
2928159373583769e36
1603.5000000001621
38328846893462383e17
5309793923173319e18
12932658929328956e25
5172043737151015e26
51720437372048675e25
5172043740842334e26
517206466089043e27
5172216712502225e26
51722167145438445e25
1389221333440082e37
1389221333440082e37
1389221333440082e37
1389221333440082e37
1389221333440082e37
1389221333440082e37
13892213334400874e36
13892213334400874e36
13892213334420126e36
1389221333441976e37
1603.500000001859
7485153830316926e29
11305507183941497e29
11305507184129434e29
11305507184148197e29
11305507184823043e29
11305507184883892e29
11305507184887161e29
113073052177351e31
113073052176581e31
11307305217658119e29
1148454120614023e30
11484541206145644e29
11484541349268729e29
11502929317667676e29
11502929317668486e29
11502929319505933e29
11502929318587967e29
14069514712801441e29
14069514732654463e29
1762.6667153128021
18809487556352894e18
58750235473097374e19
7053869914408685e20
7056842195480348e20
7056885262040407e20
6501987257455125e23
5147182878876075e31
5147183364529495e31
5147181784789002e31
57756942168241505e34
5775694216824312e35
5775694216824315e35
5775694216824312e35
5775782448599262e35
57757824485992666e34
5775782448599267e35
5775782448599267e35
5775782448610421e35
5775782448610409e35
1603.5000000016453
15131435639757624e20
15131435851111782e20
15629446519111713e40
15629446519111713e40
1562966027152132e41
1562966027152132e41
1562966027152132e41
1562966027152132e41
1562966027152132e41
1562966027152132e41
1562966027152132e41
1562966027160464e41
1562966027160464e41
1562966027160464e41
1562966027160464e41
1562966027160464e41
1562966027160464e41
1562966027160464e41
1562966027160464e41
1603.5000000000007
1052814421067312e23
10529045462431805e22
10529173398557344e22
10538778651160777e22
10538786659091283e22
10540809048248645e22
1392225784833762e23
140452055311299e24
14045220674207018e22
14045226316706876e22
21007663767152783e22
2100766342369228e23
21461780641597594e22
21461749340715835e22
21502438976348935e22
11734076699871047e32
11734076699871057e32
40285778718393893e39
40285778718393893e39
2942.201784544418
16878699342847134e20
16878699611019152e20
16939535658050687e20
16939536782644935e20
8402113110391694e21
9197565716284724e21
4723787532657179e25
4723793842384846e25
4723801698182422e25
2475227698475323e27
2475241113747536e27
2475245353792464e27
24752580834689187e26
24753079641393594e26
2475497936495415e27
24754979437544087e26
2475503369958067e27
24755033652262323e26
24755033680645667e26
1603.5009804431213
4041169848033117e23
4041306426344713e23
4041901313308988e23
4044350152331949e23
4044351758874774e23
4044351776481209e23
2718772531189986e24
11040095735279639e24
11040247603084183e24
11040247603050713e24
15953604441952546e29
6381408656039132e30
6381408656039137e30
6381433411382645e30
2478124634057928e35
24781246340946834e34
247812463420495e36
2478124634204954e35
24781246342231537e34
1603.5000000591363
25122224678836195e14
35660638824367733e14
12253902610611942e22
6007641070938049e25
60076410712636135e24
6007718248410806e25
600777549306966e26
6007775493148543e25
6007833650983022e25
6007834233700006e25
6007834234030592e25
6008078254218802e25
6024860090233404e25
6024949926909467e25
32424121080436133e27
12951573614266636e28
12951574182402353e28
1295157484266303e29
12951574842677017e28
1603.5000538045
28365991098358294e25
28447266721859972e25
41370760216706215e25
4137092400092e29
41370928048887346e25
18582471336729204e29
18582471336726415e29
1858247133672997e30
1858247174738217e30
185824717474383e31
18582472026639987e29
18582472072283804e29
18582472183835177e29
8867164735896948e33
8867164735896948e33
886716473743281e34
8867164737432795e33
8867164737432795e33
8867528006972101e33
1603.5495973582192
17479998356138665e23
17480049105013146e23
17480049192182356e23
17480049192331035e23
17482616953648288e23
5015061963007377e31
5015061963409358e31
501506196341007e32
5015061963409951e31
5015067003190135e31
5015067003197523e31
501506700319755e32
5015067003218125e31
501506700663919e32
5015067006643858e31
5015067006643885e31
1666382481921042e34
1666382481921239e34
16663824819214182e33
2481.935382126259
8370578270418391e13
16436166395155093e14
10705359110720967e26
1070535911492901e27
1070676556557048e27
3631630692691937e27
3631629496961309e27
36316294969851475e26
3631629498018555e27
3631629503494052e27
3631629532187515e27
3631629532336716e27
3632952414668203e27
363295255958446e28
3632952572123093e27
16199642455722452e28
6655823861472448e29
6655823861487723e29
6655823861892389e29
2214.9862566900256
15676825203708995e20
14526801271783023e23
5805974896166147e24
5805974933743569e24
5805993653410381e24
5805993785853814e24
5805994182345742e24
580599477167795e25
5805996886836718e24
5873263643220019e24
5878691763176797e24
5883818892776254e24
5883834734912997e24
588383473877907e25
5883834913758833e24
5883838166357881e24
5970266047627414e24
6228978351670226e24
6228978394002032e24
1639.3810650063974
17460488824166112e18
57130696055661115e18
5471730143175557e23
9501771770520259e23
9502023368972326e23
947255114754689e26
947255115604217e26
9472562466484378e25
9472562472798385e25
9472574802489508e25
31631657212446215e30
31631657461308313e30
31631665452868176e30
31631665452870266e30
3163166545287022e31
3163166545287022e31
31631667105160366e30
3163166710516044e31
31631667105162257e30
1603.5000181084267
11982446404126302e18
11982447103292197e18
1215081247224013e19
13406163220595703e18
4176951301875862e23
4176964481995796e23
4176966654582171e23
59754739742962565e25
597569365080497e27
597635785408351e27
59763578540913975e25
5976357854094664e26
5976376781070224e26
5976376781511632e26
597637701499873e27
11895045556751067e31
11895045556765331e31
1189504555681979e32
1189504611800827e32
1811.8632855958826
11092461300923987e19
11096419853060732e19
13848984391499605e22
13848989357256645e22
29363792935730085e22
30070479432778905e22
30070480719931738e22
30071735518296953e22
30071764603393186e22
3007179371494965e23
3007214830944158e23
30283769162754937e22
30285050116221267e22
3028505070578961e23
3028506480879307e23
30285064835900988e22
3037995204763067e23
30380898103953204e22
30380994415461477e22
30633410847323958e22
3087059568645614e23
30870744714981053e22
3087090545487608e23
30871573696536645e22
3171603897088141e23
7134542854436668e27
7134631150928259e27
7134631151596853e27
7134631152016973e27
7134631153982873e27
7134631299706266e27
7134631300039578e27
7134635148060637e27
7134637159670174e27
7134643193618074e27
7702003455128291e27
7702003221797578e27
7702003221829811e27
4051130161216017e28
40511686637005013e27
4051170302062955e28
4054696635265588e28
40548314212341723e27
4054831560987879e28
4054831561844089e28
40566752041319277e27
4062206137209154e28
1184890599528642e31
11848906056022474e30
1184890605601877e31
1184890605601739e31
11848906056017455e30
1184890605602168e31
1184890605602261e31
11848906056035777e30
1184890605609002e31
11848906056168574e30
1184890605643514e31
11848906056435475e30
1184890605646148e31
11848906056698196e30
1184890605692351e31
11848906056923523e30
11848906056927093e30
1184890605692462e31
11848946956773398e30
11848946956774042e30
11848952301307232e30
11848963206537648e30
11848995922257473e30
11848995922245578e30
11848995926375294e30
1184899594446243e31
1185947050492086e31
30008908759241044e30
3000890875940276e31
30008910348289587e30
3000891034991725e31
30442450750512144e30
30442450750513726e30
30442450750593187e30
30442450750602426e30
30442450750604094e30
30442450750604226e30
30442450750602735e30
30442490781410695e30
30445994311460776e30
3044599431146307e31
30445994311463154e30
3044599431165758e31
30445994311657587e30
30445993623443023e30
30445993772678467e30
30445993774720064e30
30445993785475005e30
3044599378551129e31
30615842675244835e30
30615842675479816e30
30615842675854377e30
7769060384096086e33
776906038409609e34
776906038409609e34
776906038409609e34
7769060384096085e33
776906038409606e34
7769060384096359e33
7769060793626456e33
7769060793626456e33
7769060819050137e33
7769060819050173e33
7769060819050151e33
7769060813108574e33
7769060813108752e33
7769060813112523e33
7769060813272904e33
7769122488291957e33
7769122488291956e33
7769122488291953e33
7769122488291948e33
7769122488291948e33
7769122488291923e33
7769122488291901e33
7769122488294706e33
7769122488294159e33
7769122543324882e33
7769122543324926e33
7769122543324926e33
7769122543324812e33
7769122543326463e33
7769122543324299e33
7769122543756527e33
7769122543756856e33
7769122543759621e33
7769122543759857e33
776912254376297e34
776912254376296e34
7769122543762971e33
7769122543762962e33
7769122546796217e33
7769122546796226e33
7769122546796184e33
7769122561265646e33
7769122561265532e33
7769122561526072e33
7769122561543723e33
7769122561543744e33
783911459700432e34
783911459700077e34
7839114596074334e33
7839114596090357e33
7839114596090349e33
7839114596178706e33
7839114596774208e33
7839114596774284e33
7839114597290012e33
7839114642082827e33
7839114642088072e33
7839114642102693e33
7839114642102706e33
7839114668305991e33
7839114668305974e33
783911466830662e34
7839114668306597e33
783911466830664e34
7839114667616711e33
7839114667616711e33
7839114667616718e33
7839114667616025e33
7839114667619444e33
7839114667632661e33
783911466763269e34
7839114667632391e33
7839114667634583e33
783911466763988e34
7839114667639935e33
7839114670876657e33
7839114680582463e33
7839114680537101e33
7845732667674855e33
7845732765483579e33
7845835663117673e33
7845835663118077e33
7845835663129456e33
784583565891333e34
7845835658913085e33
7845835658913094e33
7845835658913587e33
784583566980975e34
7845835702453956e33
7845835702801142e33
7845838739089456e33
784583873909045e34
784583873908109e34
7845838739080967e33
7845838739081195e33
7845839697236308e33
7845839697267941e33
7845839697268028e33
7845839697268055e33
7845839697268228e33
7845839697430939e33
784583969743107e34
7845839697431067e33
7845950201669093e33
7846143110089757e33
7846143110089687e33
7846143110089676e33
7846143110089673e33
7846143112526696e33
7846143112539754e33
7846143112545358e33
7846143172914333e33
7846143172914328e33
7859040296980891e33
7859040296980997e33
7858818675340735e33
7858818676707937e33
7858818690293828e33
785881869030634e34
7858818700933326e33
7858818701145238e33
7858818701856301e33
7858818704127148e33
7858818704128431e33
7858818704128335e33
7859006873056835e33
7859006873060836e33
7859006873063572e33
7859006873063567e33
7859006873063758e33
7859006873064387e33
7859006873064251e33
7859006873064258e33
7859006873064259e33
7859006873063949e33
7859006872840107e33
7859006872840111e33
7859006873164608e33
7859006873168058e33
7859006873425636e33
7859006873424922e33
7859006873408533e33
7859006873390291e33
7859006873390292e33
7859006873390283e33
7859006873390285e33
7859006873494773e33
7859006873630815e33
7859006873631164e33
785900687363117e34
7859006873631175e33
7859006873630546e33
7859006873630134e33
7859006873631716e33
7859006873631717e33
7864707658419478e33
7864707658423402e33
786470765842236e34
7864707658423289e33
7864707658428376e33
7864707658428295e33
7864707659313944e33
7867642860267508e33
7867642862200905e33
7867642862200913e33
7867680504225664e33
7867686279125562e33
7867686279125632e33
7867686279125643e33
786768627912578e34
7867686279399657e33
7867686279181509e33
7867686279264164e33
7867686279265909e33
7867686279265665e33
7867686279265881e33
7867686279338916e33
7867686279337118e33
7867686279345553e33
7867686279650846e33
7867686283860092e33
7867686283859801e33
7867686283859788e33
786768628386399e34
7919511650860948e33
7919511650861072e33
7919511650861105e33
791951165090524e34
7919511650908175e33
7919511650908179e33
7919511650908132e33
7919511696551639e33
791951169655164e34
7919511696551646e33
791951169642718e34
7919573213117466e33
7919573213117456e33
7919573213114513e33
7919573213134772e33
7919573213134792e33
7919573406445499e33
7919573406445681e33
7919573406445685e33
7919573414533105e33
7919573414532956e33
7919573415451284e33
7919573415451433e33
7919573415451432e33
7919573415451541e33
7919573432875224e33
791957343276229e34
7919573432761924e33
7919573432761967e33
7919599152830588e33
7919599152834654e33
7919599152834686e33
7919599152841206e33
7919599190850108e33
7919599190849088e33
791959919085878e34
7919599190942755e33
791959919094274e34
7919599195361751e33
7919599195368858e33
7919599195389954e33
7919599195389911e33
79195991953928e35
7919599195397943e33
7919599195397941e33
791960498040004e34
791960498040081e34
7919604980400181e33
7919604980456323e33
7919604980456149e33
7919604980451742e33
7919604980456244e33
7919604975675921e33
7919604975675925e33
7919604975845216e33
7919604975779833e33
7919607893809511e33
7919607893809493e33
7919607893811494e33
7919607894356e36
7919607894375392e33
7919607894501116e33
7925186564407255e33
7941922573098518e33
794192257309924e34
7941922573099077e33
7941922573099383e33
7942072424263385e33
7942072424263507e33
7942072424263634e33
7942072424258105e33
7942072450901517e33
7942072450948604e33
7942082589667238e33
794208258966721e34
79420825896673e35
7942135635917726e33
7942135635939802e33
7942135635939697e33
7942135635939987e33
7942135635939811e33
7942135635939823e33
7942135635940041e33
7942135635939605e33
7942135635968425e33
7942135635968513e33
7942135635965251e33
7942135635964855e33
7942135634251714e33
7942135634251688e33
7942135634127243e33
7942135634127066e33
7942135634127017e33
7942135634114654e33
7942135634105144e33
7942135634105186e33
7942135634186103e33
7942135914547427e33
7942135914545877e33
7942136686759552e33
7942136686762525e33
7942136686762553e33
7942136686762616e33
7942136690740528e33
7942137142758859e33
7942137142758848e33
7942137142848735e33
7942137142848685e33
7942137142845708e33
7942137142845656e33
7942296830998407e33
7942296830998407e33
7942296830998282e33
7942756528326659e33
7942756528326683e33
7942756528326996e33
7942756528328723e33
7942756528379392e33
794275652834408e34
7942756528345585e33
6253358152912268e44
6253358152912268e44
6253358152912268e44
6253358152912268e44
6253358152912268e44
6253358152912268e44
6253358152912268e44
6253358152912268e44
6253358152912268e44
6253358152912268e44
6253358152912268e44
625335815291227e45
625335815291227e45
625335815291227e45
625335815291227e45
625335815291227e45
625335815291227e45
625335815291227e45
625335815291227e45
625335815291227e45
625335815291227e45
625335815291227e45
625335815291227e45
625335815291227e45
625335815291227e45
625335815291227e45
625335815291227e45
625335815291227e45
625335815291227e45
625335815291227e45
625335815291227e45
625335815291227e45
625335815291227e45
625335815291227e45
6253358152912274e44
6253358152912274e44
6253358152912274e44
6253358152912274e44
6253358152912274e44
6253358152912274e44
6253358152912274e44
6253358152912274e44
6253358152912274e44
6253358152912274e44
6253358152912274e44
6253358152912274e44
6253358152912274e44
6253358152912274e44
6253358152912274e44
6253358152912274e44
6253358152912274e44
6253358152912274e44
6253358152912274e44
6253358152912274e44
6253358152912274e44
6253358152912274e44
6253358152912274e44
6253358152912274e44
6253358152912274e44
6253358152912274e44
6253358152912274e44
6253358152912274e44
6253358152912274e44
6253358152912274e44
6253358152912274e44
6253358152912272e44
6253358152912269e44
6253358152912269e44
6253358152912269e44
6253358152912269e44
6253358152912269e44
6253358152912269e44
6253358152912269e44
6253358152912269e44
62533581713209965e43
62533581713209965e43
62533581713209965e43
62533581713209965e43
62533581713209965e43
62533581713209965e43
62533581713209965e43
62533581713209965e43
62533581713209965e43
62533581713209965e43
62533581713209965e43
62533581713209965e43
62533581713209965e43
62533581713209965e43
62533581713209965e43
62533581713209965e43
62533581713209965e43
62533581713209965e43
62533581713209965e43
62533581713209965e43
62533581713209965e43
62533581713209965e43
62533581713209965e43
6253358171321323e44
6253358171321323e44
6253358171321324e44
6253358171321324e44
6253358171321324e44
6253358171321324e44
6253358171321324e44
6253358171321324e44
6253358171321324e44
6253358171321324e44
6253358171321324e44
6253358171321324e44
6253358171321324e44
6253358171321324e44
6253358171321324e44
6253358171321324e44
6253358171321324e44
6253358171321324e44
6253358171321324e44
6253358171321324e44
6253358171321324e44
6253358171321324e44
6253358171321324e44
6253358171321324e44
6253358171321324e44
6253358171321324e44
6253358171321324e44
6253358171321324e44
6253358171321324e44
6253358171321324e44
6253358171321324e44
6253358171321324e44
6253358171321324e44
6253358171321325e44
6253358171321325e44
6253358171321325e44
6253358171321325e44
6253358171321325e44
6253358171321325e44
6253358171321325e44
6253358171321325e44
6253358171321325e44
6253358171321325e44
6253358171321325e44
6253358171321325e44
6253358171321325e44
6253358171321325e44
6253358171321325e44
6253358171321325e44
6253358171321325e44
6253360089574932e44
6253360089574932e44
6253360089574932e44
6253360089574932e44
6253360089574932e44
6253360089574932e44
6253360089586563e44
6253360089586563e44
6253360089586563e44
6253360089586563e44
6253360089586563e44
6253360089586563e44
6253360108590444e44
6253360108590444e44
6253360108590444e44
6253360108590444e44
6253360108590444e44
6253360108590444e44
62533601085941875e43
62533601085941875e43
62533601085941875e43
62533601085941875e43
6253360108594187e44
6253360108594187e44
6253360108594187e44
6253360108594187e44
6253360108594187e44
6253360108594187e44
6253360108594187e44
6253360108594187e44
6253360108594187e44
6253360108594187e44
6253360108594187e44
6253360108594187e44
6253360108594187e44
6253360108594187e44
6253360108594187e44
6253360108594187e44
6253360108594187e44
6253360108594187e44
6253360108594187e44
6253360108594187e44
6253360108594187e44
6253360108594187e44
6253360108594187e44
6253360108594187e44
6253360108594187e44
6253360108594187e44
6253360108594187e44
6253360108594187e44
6253360108594187e44
6253360108594193e44
6253360108594193e44
6253360108594193e44
6253360108594193e44
6253360108594193e44
6253360108594193e44
6253360108594193e44
6253360108594193e44
6253360108594193e44
6253360108594193e44
6253360108594193e44
6253360108594193e44
6253360108594193e44
6253360108594193e44
6253360108594193e44
6253360108594193e44
6253360108594193e44
6253360108594193e44
6253360108594193e44
6253360108594193e44
6253360108594193e44
6253360108594193e44
6253360108594193e44
6253360108594193e44
6253360108594193e44
6253360108594193e44
6253360108594193e44
6253360108594193e44
6253360108594193e44
6253360108594193e44
6253360108594193e44
6253360108594193e44
6253360108594193e44
6253360108594194e44
6253360108594194e44
6253360108594194e44
6253360108594194e44
6253360108594194e44
6253360108594194e44
6253360108594194e44
6253360108594221e44
6253360108594221e44
6253360108594221e44
6253360108594221e44
6253360108594221e44
6253360108594221e44
6253360108594221e44
6253360108594221e44
6253360108594221e44
6253360108594221e44
6253360108594221e44
6253360108594221e44
6253360108594221e44
6253360108594221e44
6253360108594221e44
6253360108594232e44
6253360108594233e44
6253360108594233e44
6253360108596366e44
6253360108596366e44
6253360108596366e44
6253360108596366e44
6253360108596366e44
6253360108596366e44
6253360108596366e44
6253360108596366e44
6253360108596366e44
6253360108596366e44
6253360108596366e44
6253360108596366e44
6253360108596366e44
6253360108596366e44
6253360108596366e44
6253360108596366e44
6253360108596366e44
6253360108596366e44
6253360108596366e44
6253360108596366e44
6253360108596366e44
6253360108596366e44
6253360108596366e44
6253360108596366e44
6253360108596366e44
6253360108596366e44
6253360108596364e44
6253360108596364e44
6253360108596364e44
6253360108596364e44
6253360108596364e44
6253360108596364e44
6253360108596364e44
6253360108596364e44
6253360108596364e44
6253360108596364e44
6253360108596364e44
6253360108596364e44
6253360108596364e44
6253360108596364e44
6253360108596364e44
6253360108596364e44
6253360108596364e44
6253360108596364e44
6253360108596364e44
6253360108596364e44
6253360108596364e44
6253360108596364e44
6253360108596364e44
6253360108596364e44
6253360108596364e44
62533601086047134e43
62533601086047134e43
62533601086047134e43
62533601086047134e43
62533601086047134e43
62533601086047134e43
62533601086047134e43
62533601086047134e43
62533601086047134e43
62533601086047134e43
62533601086047134e43
62533601086047134e43
62533601086047134e43
62533601086047134e43
62533601086047134e43
62533601086047134e43
62533601086047134e43
62533601086047134e43
62533601086047134e43
62533601086047134e43
62533601086047134e43
62533601086047134e43
62533601086047134e43
62533601086047134e43
62533601086047134e43
62533601086047134e43
62533601086047134e43
62533601086047134e43
6253360108604808e44
6253360108604808e44
6253360108604808e44
6253360108604808e44
6253360108604808e44
6253360108604808e44
6253360108604808e44
6253360108604808e44
6253360108604808e44
6253360108604808e44
6253360108604808e44
6253360108604808e44
6253360108604808e44
6253360108604808e44
6253360108604808e44
6253360108604808e44
6253360108604808e44
6253360108604808e44
6253360108604808e44
6253360108604808e44
6253360108604808e44
6253360108604808e44
6253360108604808e44
6253360108604808e44
6253360108604808e44
6253360108604808e44
6253360108604808e44
6253360108604808e44
6253360108604808e44
62533601086049e46
62533601086049e46
62533601086049e46
62533601086049e46
62533601086049e46
62533601086049e46
6253360905148485e44
6253360905148485e44
6253360905148485e44
6253360905148485e44
6253360905148485e44
6253360905148485e44
6253360905148485e44
6253360905148485e44
6253360905148485e44
6253360905148485e44
6253360905148485e44
6253360905148485e44
6253360905148485e44
6253360905148485e44
6253360905148485e44
6253360905148485e44
6253360905148485e44
6253360905148485e44
6253360905148485e44
6253360905148485e44
6253360905148485e44
6253360905148485e44
6253360905148485e44
6253360905148485e44
6253360905148485e44
6253360905148485e44
6253360905148485e44
6253360905148485e44
6253360905148485e44
6253360905148485e44
6253360905148485e44
6253360905148485e44
6253360905148485e44
6253360905148485e44
6253360905148485e44
6253360905148485e44
6253360905148485e44
6253360905148485e44
6253360905148485e44
6253360905148485e44
6253360905148485e44
6253360905148485e44
6253360905148485e44
6253360905148485e44
6253360905148485e44
6253360905148485e44
6253360905148485e44
6253360905148485e44
6253360905148485e44
6253360905148485e44
6253360905148485e44
6253360905148485e44
6253360905148485e44
6253360905148485e44
6253360905148485e44
6253360905148485e44
6253360905148769e44
6253360905148822e44
6253360905148822e44
6253360905148822e44
6253360905148822e44
6253360905148822e44
6253360905148822e44
6253360905148822e44
6253360905148822e44
6253360905148822e44
6253360905148822e44
6253360905148822e44
6253360905148822e44
6253360905148822e44
6253360905148822e44
6253360905148822e44
6253360905148822e44
6253360905148825e44
6253360905148833e44
6253360905148833e44
6253360905148833e44
6253360905148833e44
6253360905148833e44
6253360905148833e44
6253360905148833e44
6253360905148833e44
6253360905148833e44
6253360905148833e44
6253360905148833e44
6253360905148833e44
6253360905148833e44
6253360905148833e44
6253360905148833e44
6253360905148833e44
6253360905148833e44
6253360905148833e44
6253360905148833e44
6253360905148833e44
6253360905148833e44
6253360905148833e44
6253360905148833e44
6253360905148833e44
6253360905148833e44
6253360905148833e44
6253360905148833e44
6253360907362484e44
6253360907362484e44
6253360907362484e44
6253360907362484e44
6253360907362484e44
6253360907362484e44
6253360907362484e44
6253360907362484e44
6253360907362484e44
6253360907362484e44
6253360907362484e44
6253360907362484e44
6253360907362484e44
6253360907362484e44
6253362506726585e44
6253362506726585e44
6253362506726585e44
6253362506726585e44
6253362506726585e44
6253362506726585e44
6253362506726585e44
6253362506726585e44
6253362506726585e44
6253362506726585e44
6253362506726585e44
6253362506726585e44
6253362506726585e44
6253362506726585e44
6253362506726585e44
6253362506726585e44
6253362506726586e44
6253362506726586e44
6253362506726586e44
6253362506726586e44
6253362506726586e44
6253362506726586e44
6253362506726586e44
6253362506726586e44
6253362506726586e44
6253362506726586e44
6253362506726586e44
6253362506726586e44
6253362506726586e44
6253362506726586e44
6253362506726586e44
6253362506726586e44
6253362506726586e44
6253362506726586e44
6253362506726586e44
6253362506726586e44
6253362506726586e44
6253362506726586e44
6253362506726586e44
6253362506726586e44
6253362506726587e44
6253362506726587e44
6253362506726587e44
6253362506726587e44
6253362506726587e44
6253362506726587e44
6253362506726587e44
6253362506726587e44
6253362506726587e44
6253362506726587e44
6253362506726587e44
6253362506726587e44
6253362506726587e44
6253362506726587e44
6253362506726587e44
6253362506726587e44
6253362506717514e44
6253362506717514e44
6253362506717514e44
6253362506717514e44
6253362506717514e44
6253362506717514e44
6253362506717514e44
6253362506717514e44
6253362506717514e44
6253362506717514e44
6253362506717514e44
6253362506717514e44
6253362506717514e44
6253362506717514e44
6253362506717514e44
6253362506717528e44
6253362506717528e44
6253362506717528e44
6253362506717528e44
6253362506717528e44
6253362506717528e44
6253362506717528e44
6253362506717528e44
6253362506717528e44
6253362506717528e44
6253362506717528e44
6253362506717528e44
6253362506717528e44
625336250671854e45
6253362506718522e44
6253362506718522e44
6253362506718522e44
6253362506718522e44
6253362506718522e44
6253362506718522e44
6253362506718522e44
6253362506718522e44
6253362506718522e44
6253362506718522e44
6253362506718522e44
6253362506718522e44
6253362506718522e44
6253362506718522e44
6253362506718522e44
6253362506718522e44
6253362506718522e44
6253362506718522e44
6253362506718522e44
62533625067204945e43
62533625067204945e43
62533625067204945e43
62533625067204945e43
62533625067204945e43
6253362506720494e44
6253362506720494e44
6253362506720494e44
6253362506720494e44
6253362506720494e44
6253362506720494e44
6253362506720495e44
6253362527702276e44
6253362527702276e44
6253362527702276e44
6253362527702276e44
6253362527702276e44
6253362527702276e44
6253362527702276e44
6253362527702276e44
6253362527703443e44
6253362527703443e44
6253362527703443e44
6253362527703443e44
6253362527703443e44
6253362527703443e44
6253362527703443e44
6253362527703443e44
6253362527703443e44
6253362527703443e44
6253362527703441e44
6253362527724401e44
6253362527724401e44
6253362527724401e44
6253362527724401e44
6253362527724413e44
6253362527724413e44
6253362527724413e44
6253362527724413e44
6253362527724413e44
6253362527724415e44
6253362527724415e44
6253362527724415e44
6253362527724415e44
6253362527724415e44
6253362527724415e44
6253362527724415e44
6253362527724415e44
6253362527724415e44
6253362527724415e44
6253362527724415e44
6253362527724415e44
6253362527724415e44
6253362527724415e44
6253362527724415e44
6253362527724415e44
6253362527724415e44
6253362527724415e44
6253362527724415e44
6253362527724415e44
6253362527724415e44
6253362527724415e44
62533625277243345e43
62533625277243345e43
62533625277243345e43
62533625277243345e43
62533625277243345e43
62533625277243345e43
62533625277243345e43
6253362527727115e44
6253362527727115e44
6253362527727115e44
6253362527727115e44
6253362527727115e44
6253362527727084e44
6253362527727084e44
6253362527727084e44
6253362527727084e44
6253362527727084e44
6253362527727084e44
6253362527727084e44
6253362527727084e44
6253362527727084e44
6253362527727084e44
6253362527727084e44
6253362527727084e44
6253362527727084e44
6253362527727084e44
6253362527727084e44
6253362527727084e44
6253362527727084e44
6253362527727084e44
6253362527727084e44
6253362527727084e44
6253362527727084e44
6253362527727084e44
6253362527727084e44
6253362527727084e44
6253362527727084e44
6253362527727084e44
6253362527727084e44
6253362527727084e44
6253362527727084e44
6253362527727084e44
6253362527727084e44
6253362527727084e44
6253362527727084e44
6253362527727084e44
6253362527727084e44
6253362527727084e44
6253362527727084e44
6253362527727084e44
6253362527727084e44
6253362527727084e44
6253362527727084e44
6253362527727084e44
6253362527727084e44
6253362527727084e44
6253362527727084e44
6253362527727084e44
6253362527727084e44
6253362527727084e44
6253362527727084e44
6253362527727084e44
6253362527727084e44
6253362527727084e44
6253362527727084e44
6253362527727084e44
6253362527727084e44
6253362527727084e44
6253362527727071e44
6253362527727071e44
6253362527727071e44
6253362527727071e44
6253362527727071e44
6253362527727071e44
6253362527727071e44
6253362527727071e44
6253362527727071e44
6253362527727071e44
6253362527727071e44
6253362527727071e44
6253362527727071e44
6253362527727071e44
6253362527727071e44
6253362527727071e44
6253362527727071e44
6253362527727071e44
6253362527727071e44
6253362527727071e44
6253362527727071e44
6253362527727071e44
6253362527727071e44
6253362527727071e44
6253362527727071e44
6253362527727071e44
6253362527727071e44
6253362527727071e44
6253362527727071e44
6253362527727071e44
6253362527727071e44
6253362527727071e44
6253362527727071e44
6253362527727191e44
6253362527727191e44
6253362527727191e44
6253362527727191e44
6253362527727191e44
6253362527727191e44
6253362527727191e44
6253362527727191e44
6253362527727191e44
6253362527727191e44
6253362527727191e44
6253362527727191e44
6253362527727191e44
6253362527727191e44
6253362527727191e44
6253362527727191e44
6253362527727191e44
6253362527727191e44
6253362527727191e44
6253362527727191e44
6253362527727191e44
6253362527727191e44
6253362527727191e44
6253362527727191e44
6253362527727191e44
6253362527727191e44
6253362527727191e44
6253362527727191e44
6253362527727191e44
6253362527727191e44
6253362527727191e44
6253362527727191e44
6253362527727187e44
6253362527727188e44
6253362527727188e44
6253362527727188e44
6253362527727188e44
6253362527727188e44
6253362527727191e44
6253362527727191e44
6253362527727191e44
6253362527727191e44
6253362527727191e44
6253362527727191e44
6253362527727191e44
625336252772778e45
625336252772778e45
625336252772778e45
625336252772778e45
6253362527741003e44
6253362527741003e44
6253362527741003e44
6253362527741003e44
6253362527741003e44
6253362527741003e44
6253362527741003e44
6253362527741003e44
6253362527741003e44
6253362527741003e44
6253362527741003e44
6253362527741003e44
6253362527741003e44
6253362527741003e44
6253362527741003e44
6253362527741003e44
6253362527741003e44
6253362527741003e44
6253362527741003e44
6253362527741003e44
6253362527741003e44
6253362527741003e44
6253362527741003e44
6253362527741003e44
6253362527732163e44
6253362527732163e44
6253362527732163e44
6253362527732163e44
6253362527732163e44
6253362527732163e44
6253362527732163e44
6253362527732163e44
6253362527732163e44
6253362527732163e44
6253362527732163e44
6253362527732163e44
6253362527732163e44
6253362527732163e44
6253362527732163e44
62533626987930155e43
62533626987930155e43
62533626987930155e43
62533626987930155e43
62533626987930155e43
62533626987930155e43
62533626987930155e43
62533626987930155e43
62533626987930155e43
62533626987930155e43
62533626987930155e43
62533626987930155e43
62533626987930155e43
62533626987930155e43
62533626987930155e43
6253362698793016e44
6253362698793016e44
6253362698793016e44
6253362698793016e44
6253362698793016e44
6253362698793016e44
6253362698793013e44
6253362698793013e44
6253362698793013e44
6253362698793013e44
6253362698793013e44
6253362698793013e44
6253362698793013e44
6253362698793013e44
6253362698793014e44
6253362698793014e44
6253362698793014e44
6253379256934846e44
6253379256934846e44
6253379256934846e44
6253379256934846e44
6253379256934846e44
6253379256934953e44
6253379256934953e44
6253379256934953e44
6253379256934953e44
6253379256934953e44
6253379256934953e44
625337925693496e45
625337925693496e45
625337925693496e45
6253379256934962e44
6253379256934962e44
6253379256934962e44
6253379256934962e44
6253379256934962e44
6253379256934962e44
6253379256934962e44
6253379256934962e44
6253379256934962e44
6253379256934962e44
6253379256934962e44
6253379256934962e44
6253379256934962e44
6253379256934962e44
6253379256934962e44
6253379256934962e44
6253379256934962e44
6253379256934962e44
6253379256934962e44
6253379256934962e44
6253379256934962e44
6253379256934962e44
6253379256934962e44
6253379256934962e44
6253379256934962e44
6253379256935054e44
6253379256935054e44
6253379256935054e44
6253379256935054e44
6253379256935054e44
6253379256935054e44
6253379256935054e44
6253379256935054e44
625337925693506e45
625337925693506e45
625337925693506e45
625337925693506e45
625337925693506e45
625337925693506e45
625337925693506e45
625337925693506e45
625337925693506e45
625337925693506e45
625337925693506e45
625337925693506e45
625337925693506e45
625337925693506e45
625337925693506e45
625337925693506e45
625337925693506e45
625337925693506e45
625337925693506e45
625337925693506e45
625337925693506e45
625337925693506e45
625337925693506e45
625337925693506e45
625337925693506e45
625337925693506e45
6253379256946336e44
6253379256946336e44
6253379256946336e44
6253379256946336e44
6253379256946336e44
6253379256946336e44
6253379256946336e44
6253379256946336e44
6253379256946336e44
6253379256946336e44
6253379256946336e44
6253379256946336e44
6253379256946336e44
6253379256947096e44
6253379256947096e44
6253379256947096e44
6253379256947096e44
6253379256947096e44
6253379256947096e44
6253379256950131e44
6253379256950131e44
6253379256950131e44
6253379256950131e44
6253379256950131e44
6253379256950131e44
6253379256950131e44
6253379256950131e44
6253379256950131e44
6253379256950131e44
6253379256950131e44
6253379256950131e44
6253379256950131e44
6253379256950131e44
6253379256950131e44
6253379256935658e44
6253379256935658e44
6253379256935658e44
6253379256935658e44
6253379256935658e44
6253379256935658e44
6253379256935658e44
6253379256935658e44
6253379256935658e44
6253379256935658e44
6253379256935658e44
6253379256935658e44
6253379256935658e44
6253379256935658e44
6253379256935658e44
6253379256935658e44
6253379256935658e44
6253379256935658e44
6253379256935658e44
6253379256935658e44
6253379256935658e44
6253379256935658e44
6253379256935658e44
6253379256935658e44
6253379256935658e44
6253379256935658e44
6253379256935658e44
6253379256935658e44
6253379256935658e44
6253379256935658e44
6253379256959711e44
6253379256959711e44
6253379256959711e44
6253379256959711e44
625337925695974e45
625337925695974e45
625337925695974e45
625337925695974e45
625337925695974e45
625337925695974e45
625337925695974e45
625337925695974e45
625337925695974e45
625337925695974e45
625337925695974e45
625337925695974e45
625337925695974e45
625337925695974e45
625337925695974e45
625337925695974e45
625337925695974e45
6253379256959741e44
6253379256959741e44
6253379256959741e44
6253379256959741e44
6253379256964107e44
6253379256964107e44
6253379256964107e44
6253379256964107e44
6253379256964107e44
6253379256964107e44
6253379256964107e44
6253379256964107e44
6253379256964107e44
6253379256964107e44
6253379256964107e44
6253379256964107e44
6253379256964107e44
6253379256964107e44
6253379256964107e44
6253379256964107e44
6253379256964107e44
6253379256964107e44
6253379256964107e44
6253379256964107e44
6253379256964107e44
6253379256964107e44
6253379256964107e44
6253379256964107e44
6253379256964107e44
6253379256964107e44
6253379256964107e44
6253379256964107e44
6253379256964107e44
6253379256964107e44
6253379256964107e44
6253379256964107e44
6253379256964107e44
6253379256964107e44
6253379256964107e44
6253379256964107e44
6253379256964107e44
6253379256964107e44
6253379256964107e44
6253379256964107e44
6253379256964107e44
6253379256964107e44
6253379256964107e44
6253379256964107e44
6253379256964107e44
6253379256964107e44
6253379546185014e44
6253379546185014e44
6253379546185014e44
6253379546185014e44
6253379546185014e44
6253379546185014e44
6253379546185014e44
6253379546185014e44
6253379546185014e44
6253379546185014e44
6253379546185014e44
6253379546185014e44
6253379546185014e44
6253379546185014e44
6253379546185014e44
6253379546185014e44
6253379546185014e44
6253379546185014e44
6253379546185014e44
6253379546185014e44
6253379546185014e44
6253379546185014e44
6253379546185014e44
6253379546185014e44
6253379546185014e44
6253379546185014e44
6253379546185014e44
6253379546185014e44
6253379546185014e44
6253379546185014e44
6253379546185014e44
6253379546185014e44
6253379546185014e44
6253379546185014e44
6253379546185014e44
6253379546185014e44
6253379546185014e44
6253379546185014e44
6253379546185014e44
6253379546185014e44
6253379546185014e44
6253379546185014e44
6253379546185014e44
6253379546185014e44
6253379546185014e44
6253379546185014e44
6253379546185014e44
6253379546185014e44
6253379546185014e44
6253379546185014e44
6253379546185014e44
6253379546185014e44
6253379546185014e44
625337954618539e45
6253379546185391e44
6253379546185704e44
6253379546185704e44
6253379546185704e44
6253379546185704e44
6253379546185704e44
6253379546185704e44
6253379546185704e44
6253379546185704e44
6253379546185704e44
6253379546185704e44
6253379546185703e44
6253379546185703e44
6253379546185703e44
6253379546185703e44
6253379546185703e44
6253379546185703e44
62533795461857015e43
62533795461857015e43
62533795461857015e43
62533795461857015e43
62533795461857015e43
62533795461857015e43
62533795461857015e43
62533795461857015e43
62533795461857015e43
62533795461857015e43
62533795461857015e43
6253379551437725e44
6253379567193617e44
6253379567193617e44
6253379567193639e44
6253379567193639e44
6253379567193639e44
6253379567193639e44
6253379567193747e44
6253379567193747e44
6253379567193747e44
6253379567193747e44
6253379567193747e44
6253379567193747e44
6253379567193747e44
6253379567193747e44
6253379567193747e44
6253379567193747e44
6253379567193747e44
6253379567193747e44
6253379567193747e44
6253379567193747e44
6253379567193747e44
6253379567193747e44
6253379567193747e44
6253379567193747e44
6253379567193747e44
6253379567193747e44
6253379567193747e44
6253379567193747e44
6253379567282313e44
6253379567282313e44
6253379567282313e44
6253379567282313e44
6253379567282313e44
