-10745.7631951172
-10955.919813008692
-10802.3297772242
-10675.368047283146
-10773.495885909164
-10843.379912832694
-10814.325607220228
-10808.51732042803
-10887.778247031101
-10997.360454529258
-11108.147922127231
-11248.207421212832
-11373.446004569405
-11463.206338925016
-11480.96648587803
-11446.027135652083
-11434.171257423783
-11434.027682688658
-11424.202961014198
-11441.679472345531
-10737.352829273903
-10354.877212450201
-10424.1563132243
-10424.421604618808
-10333.143868628416
-10101.983594747247
-10080.279571306222
-10162.026517796261
-10049.188822704236
-10113.463885675003
-10087.62915682069
-9958.007802326316
-9997.52141198217
-10086.118194066348
-9923.959287475134
-10017.710090784927
-9993.587892216894
-9918.396629335897
-9903.050513887203
-9939.095547670271
-9873.904645193299
-9972.062505253729
-10093.164260988402
-10018.801123464653
-9973.964991398909
-9910.103823284868
-9957.137798162614
-10039.698120401446
-10041.710569525594
-10064.004353405722
-10014.162322816035
-10054.621075317007
-9975.19414326692
-9979.441517389838
-10007.44893136968
-9909.27571084835
-10037.094158696418
-9858.197203076657
-10039.164706559337
-9965.17406685531
-10031.444660408974
-9889.844109663758
-9914.630025409258
-9951.94220804374
-10054.190122655538
-10005.943365822575
-9936.690082736277
-10012.62006089464
-9970.157560755133
-9981.821464601962
-9948.39006450275
-9984.882407924746
-9943.51376945132
-9957.95326715559
-9914.349394979381
-9957.084439781263
-9988.33555537343
-10010.757243690678
-10012.345406433738
-9909.24155724221
-9893.016800806807
-9850.715602161526
-9969.569608121044
-9984.375905628525
-9956.358856771212
-9964.710508420321
-9922.807741302124
-9839.634480529083
-9985.47126851878
-9922.47682019194
-9911.502850343546
-10006.928819662147
-9865.040109919144
-10092.287754886063
-9974.494999755196
-9926.494687846527
-9941.022680847287
-9913.112962305075
-9945.416562208437
-10048.81297406082
-10042.477408743001
-10043.508462248765
-9979.897577005946
-10078.01230813649
-10112.80201596855
-10020.825831245409
-10012.09817821466
-9946.746240593138
-9945.053706923194
-9976.068507890097
-10073.303519760026
-9920.077853649565
-9982.83273191693
-9953.67058195355
-9837.940335305939
-9868.0923451876
-9972.422874361757
-9947.484533364715
-9915.224264841132
-9804.902433896377
-9860.281777310047
-9975.89243873276
-9870.137292233156
-9811.58337817473
-9807.805948180398
-9869.50759440934
-9900.306508846967
-9858.636754060135
-9916.72157779776
-9985.98989898692
-9993.746539760312
-9973.231496904747
-9915.276246773652
-9914.571505643964
-10036.17026678516
-10048.058723325721
-9980.626137893567
-10023.773558819446
-9877.867643079044
-9970.630958847034
-9950.446400263185
-9894.049076759806
-10039.492286069086
-9960.030475840538
-10044.599353723306
-9925.811455293791
-9928.034421015545
-9976.483028134073
-9986.578085053283
-9927.57057933101
-9906.50154838376
-9911.179945780059
-9948.164659559068
-9958.614936707225
-9804.587475603274
-9886.015319086455
-9872.034143879253
-9888.806030156024
-9841.66593245706
-9880.896888648058
-10005.213783913003
-9924.847903157097
-9923.99031685919
-9975.966003498508
-9906.228143761711
-10018.11666079118
-9922.713563693862
-10018.442022887955
-10021.133445359435
-10088.175111609065
-9883.046837225387
-9988.522365032051
-9976.417135883938
-9956.16500827615
-9993.1707926075
-10075.015571449678
-10047.653573503221
-9890.68109627952
-9978.12236940762
-9930.848288567622
-9913.996877374837
-9828.44418704104
-9972.148185929691
-9870.073940513681
-9949.793478976346
-9949.743242345186
-9987.723589496974
-10067.858691359881
-9971.143093213781
-9984.207600031714
-10068.339187141915
-9950.07706537093
-10030.498356952236
-9878.430566880586
-9951.470510125391
-9996.5357879372
-9947.004011944535
-9919.56793128807
-9879.443411283708
-9939.05737156477
-10025.543885075873
-9920.045748931232
-9934.3924056123
-9963.136728059895
-9988.706468297587
-10030.167135785614
-9906.978927979551
-9885.015246584764
-9944.612463469522
-9969.715708321595
-9984.42238300926
-9951.383613978556
-9878.537403197099
-9963.883579906475
-9919.15324009413
-9873.33495796258
-10018.473887384276
-10010.32700282117
-9923.2775444328
-10047.30323627919
-9939.5168763923
-9908.947677337674
-9891.077131192938
-9926.26881910089
-10062.852331991786
-9974.385234418885
-9984.450821157201
-9989.751230759193
-10004.123053448158
-10009.466813451332
-9952.284736964453
-9960.356667418539
-9964.259637166519
-9853.164507950176
-9945.109719395798
-9943.037566710635
-9910.057473850824
-9939.44607818731
-9941.455403036605
-9983.615683782606
-9932.470369853589
-9835.873144800951
-9856.002182952481
-9926.78867491282
-9876.5468955078
-10029.071391678257
-10073.48258335741
-9994.010923536774
-9975.89643970921
-9929.836999794066
-9962.5199850358
-9821.981364988796
-9905.656183254732
-9950.36217321306
-9926.065068020016
-9928.024226949072
-9900.89214345717
-9962.46390015275
-10082.508291789918
-9982.805823289473
-9906.772452995505
-9899.84503318064
-9934.731837111742
-9971.102123009254
-10010.9005878021
-10018.749792908746
-9976.10426852763
-9929.383184528773
-9972.613789530362
-9954.835191120223
-9888.67916443206
-9955.275753869322
-9891.571995377464
-9912.386846929803
-9902.639912468432
-9994.904186877824
-10025.238944709905
-10037.352669318227
-9923.621654622071
-9978.26546384827
-9997.974937729308
-9917.158938543591
-9787.795855458957
-9915.924652085627
-10022.501972207649
-9977.208802583933
-9976.486754977752
-10048.097525218067
-9984.458483542858
-9919.623180261908
-9947.126811129532
-9886.458300147462
-9952.743152550807
-10002.013542694955
-9860.432068066119
-10058.235996740375
-10047.793869752162
-9998.33720181193
-9882.42927710162
-9938.182986849493
-9992.959762879906
-9925.781490047135
-9949.862983195595
-9929.219103169444
-9932.125102230515
-9940.527024596977
-10043.062799947238
-9934.745805815553
-9943.018240354968
-9972.995232574094
-9998.665271923172
-9932.756594824148
-9996.610720606724
-9924.025027836245
-9988.661407887646
-9888.904017749333
-9942.29456539331
-9935.132996146232
-9929.384047667945
-9880.834931289352
-9912.09070880674
-9942.059421424443
-9986.572038803777
-9922.23502526619
-10017.199417164737
-9939.977736450954
-9905.998273669244
-10038.06916139509
-10040.013016967987
-9894.313742863187
-9979.094087129004
-9908.770949303458
-9928.31007311252
-9928.657312379262
-10012.736550121102
-9842.722145764694
-9914.70964431583
-9911.39910221001
-9885.318686507382
-9964.166146287898
-10006.419561394354
-9915.802911745814
-9937.813513020088
-10004.774399126594
-9932.019418752343
-9991.545235608883
-9917.980389490267
-9984.04202643498
-9974.524016020892
-9894.264734103446
-9876.061876658896
-9881.649806888718
-9869.596528631084
-9953.486384262324
-9907.036284534708
-9944.140527705433
-9949.759891371039
-9968.516045645722
-9919.584295431416
-10012.405157993522
-9948.25728369757
-9903.882631614368
-10004.810560350881
-9951.835988047567
-10012.516947554514
-10010.327170663684
-9959.209379278365
-9959.13933070191
-10024.066543656978
-9994.125731468452
-9960.889392023804
-10027.15392773263
-9972.77102248746
-9891.655003582542
-10020.067019133085
-9880.45840290155
-9984.512906349511
-9948.93531948343
-9992.7816390049
-9976.918807137568
-9921.192636733122
-9986.875234387784
-10011.824282874932
-10012.797368428
-9877.940150352697
-9898.849111897212
-9985.159857513769
-9917.456597906143
-9940.719482402315
-9907.73791763934
-9906.788230240607
-9934.706240139334
-9933.603264861875
-10032.584268660854
-9879.172268386163
-9925.929053477741
-9948.54385828993
-10024.45230326685
-9904.947547345893
-9942.672951200866
-9935.547885813026
-9964.932973904444
-9913.340928526077
-9898.58812851222
-9963.161669370998
-9967.52070617646
-9907.877329153436
-9973.52300911629
-9952.93736885387
-9897.915914882316
-9993.615481974211
-9930.753261595695
-9960.732707229283
-9901.856250482633
-10112.102657624468
-9978.181429910497
-9957.270594538675
-10042.456332536582
-9930.00103488172
-9925.77270629915
-9942.232619458144
-9971.604650157762
-9874.350052173599
-9859.85783738294
-9954.19072454586
-9915.788030348549
-9937.757170283725
-9891.15318520214
-9932.229443651035
-9944.852611513777
-9936.175369812716
-10021.819716653372
-9959.897345435202
-9869.810737277148
-9967.057747597413
-10020.212504596679
-9812.665674423875
-9906.687787526509
-9966.80711476264
-10018.426153686889
-10011.572856690465
-9993.46609513971
-9963.9234951495
-9915.047214257207
-9998.314586950308
-9978.368051648244
-9900.96060655233
-9949.362129856332
-9959.7268803794
-9875.077614994387
-9955.461391659737
-9975.474341549325
-10002.331854769354
-9929.730536576253
-10015.628569722801
-9931.095810179442
-9939.507552019659
-9925.209372724868
-9993.604060630525
-10008.598159663814
-9962.00446976391
-10061.665877440599
-9857.038862124882
-9898.140232553591
-9962.60821428789
-10025.008457471326
-9931.43219237838
-9923.529023433635
-9954.593974550406
-9876.055704416
-9990.353288792168
-9948.39702625032
-9918.473622413052
-9836.145308358098
-9945.015623701478
-9980.560388112446
-9964.72293149945
-9988.328345772097
-9920.425345134427
-9951.675230037508
-9917.048126628977
-9904.105341096387
-9948.575461789906
-9940.804910276705
-9870.016770836872
-9954.997550568523
-9947.893164586232
-9875.541802327338
-10021.025569880025
-10004.39791091592
-9891.712978640764
-9999.587878757922
-10090.259402098796
-9948.723676951071
-9899.404527654811
-9938.796455988257
-9886.259887560598
-9923.06449633227
-10006.131612632487
-9938.485218313534
-9847.114215334967
-9961.30391053188
-9883.445344599273
-9963.999354669753
-9873.974695418365
-9890.321509499308
-9917.639245450668
-9911.069098624717
-9921.208371627104
-9987.862626556218
-9880.905605174705
-9924.872667278167
-9895.719471343078
-9885.960169100654
-9925.933850294903
-10050.710091205769
-9948.224621643945
-9831.203838518777
-9988.104749246935
-10087.778941165747
-9893.524951789204
-10067.569734686353
-9929.486013347772
-9909.981171463502
-9992.454276904282
-9887.116794545957
-9943.700140512625
-10012.036774100387
-9967.884204034337
-9969.536346104804
-9797.197749158164
-9900.603701872502
-9860.533874866209
-9806.697167159644
-9936.717528839503
-10031.30762990099
-10015.673350780391
-10005.401389581668
-9936.100632700283
-9844.404253904575
-9992.645101733944
-9941.223254157941
-9895.402402902988
-10023.83031019443
-9963.02652517079
-9915.906163046424
-9957.806434625654
-9986.983109960534
-9971.494602750208
-10079.124309094295
-9943.5755082553
-9922.242734118277
-9872.51536605651
-9952.381857340162
-10017.81369270223
-10002.271583584832
-9943.176096052784
-9902.073408596652
-9871.009978737631
-9935.470445368936
-9856.973735097192
-9836.989072082262
-9913.848448272674
-9797.150306779555
-9907.581087395381
-9864.14403301923
-9913.682686554735
-9930.45160843439
-9972.073220446417
-9822.206440478647
-9954.467413113996
-10012.70435971071
-9899.998676235264
-9937.418419424985
-9900.638371562836
-9891.493867677216
-9860.566792536234
-9950.679378045743
-9998.731857703777
-9863.37839002454
-9969.281635162055
-9915.25811751454
-9960.78167342166
-9937.600425452492
-9852.505272781571
-10041.72522253987
-9976.066353323451
-9899.151139168238
-9956.020342223317
-9864.874387416752
-9875.005334708836
-9878.943159688428
-9952.593478294819
-9859.640664025977
-9880.575240095179
-9863.200028457642
-9949.41948032967
-9965.008510284353
-9951.812493166357
-9987.09412615956
-9897.3466412833
-9885.309880395853
-9862.919780744243
-9925.685806317844
-9879.933343908495
-9957.679064997157
-9985.689914610788
-9899.102160925606
-9957.396553614208
-9986.262637766653
-9994.598417959412
-9828.145488282908
-9883.608536749329
-9931.817410838661
-9941.422875664492
-9919.735811165496
-9965.695806219735
-9830.77835887391
-9924.160770545734
-9971.061777760096
-10008.021744239439
-9871.89340294286
-9911.300187309076
-9830.34547355007
-9793.611742435809
-9952.800114090138
-9909.839022122618
-9999.38629552949
-9985.343165382921
-9968.927530944571
-9977.778849317378
-9981.172343858769
-9945.970603135667
-9865.751016285152
-9986.93883740067
-9881.920949302345
-9942.54830532347
-9880.292001834601
-9927.03372953365
-10004.6890484656
-10058.72726580163
-10028.94294657041
-10011.15595089002
-9984.884641097198
-10051.556911014319
-9949.994673999532
-9916.783626404282
-9875.765454298025
-9951.667008476315
-10089.663465443202
-9979.736896778997
-9886.399271972054
-9904.349515335392
-9846.825533512605
-9989.571415690287
-9976.957246004144
-9952.95306703896
-9957.19671914401
-9971.013423755066
-9947.153406896863
-9850.416447869826
-10021.412325922493
-9896.047011462524
-9914.983312710145
-9931.815599088612
-9918.94753958945
-9958.436219663416
-9931.0578309321
-9999.55119741596
-9925.705931012144
-9892.998288623527
-9981.495999653462
-10005.857176854146
-9890.172062750418
-9885.70135724043
-9857.739161296024
-9911.573684674577
-9939.574824386871
-9998.88145647835
-9985.061627594601
-9888.616020955371
-9927.621848534283
-9957.44146604792
-10017.300279446676
-10002.340408723252
-9899.827183205667
-9836.898622064942
-9888.408669904851
-9969.427066050326
-9857.661541769961
-9904.429107102944
-9867.424404226373
-9899.100141752997
-10020.804554254151
-9943.432006407089
-10003.143111324422
-9932.160085356483
-9892.520437770847
-9913.452405635577
-10007.535619242262
-9869.023339906884
-9818.089254204164
-9979.080729625664
-10083.285231997052
-10011.072428727923
-9906.610263438515
-9954.334159799395
-9913.008003325314
-10018.007520617555
-9942.577099977552
-9925.0033846079
-9992.359142377622
-9884.016630048412
-9955.68168402878
-10048.64596666511
-9976.944438275643
-10009.18221168911
-9886.835037771965
-9900.096079399105
-9893.63324713746
-9940.893664866722
-9995.259864510297
-9905.297949173355
-9997.482390163328
-9944.690885961385
-9872.606196719995
-9907.403869813454
-9987.941187899738
-9941.190279917086
-9915.340173106506
-9912.064328435285
-10020.093633915529
-9962.283151045176
-10046.02409970094
-9939.756408743633
-9851.227037926685
-9840.862762786039
-9897.985444698634
-9950.807047134032
-9929.851783377726
-10014.986966416656
-10006.311318772523
-9862.658706290616
-9897.002823724893
-9910.654382820288
-9996.50293138329
-10019.270161009681
-9964.866407924656
-9856.501266171885
-9953.63830495988
-9960.265159906128
-10045.169375749518
-9940.897745115622
-9891.644819416872
-9905.787982605527
-10000.522391191567
-9950.759543432254
-9925.606158797287
-10021.218546795608
-10017.763213338712
-9879.52182589853
-9942.831674139225
-10031.361420579062
-9970.826523616794
-9856.942854790144
-9979.81223148671
-9968.243707489957
-10026.96506728835
-9886.802408554
-9931.854252321045
-9920.781671117053
-10098.048931426318
-9985.169700696219
-9953.67721699197
-9909.03255635884
-10014.659763914418
-10004.507392034122
-10060.858918759204
-9946.428833726806
-9938.64254171602
-10031.765007760285
-9962.904518559919
-10004.369067430782
-9912.961559953297
-9817.46016407538
-9956.400938429817
-9922.033734887806
-9986.585503591825
-10022.619612979533
-9868.524384545553
-10014.951680460093
-10016.637452189721
-9939.279163277553
-10005.162721785779
-10039.193951339144
-10107.160857296403
-9838.865714076497
-9882.028948190098
-9997.147526388451
-10016.807986080963
-9982.76886528196
-9866.890901958683
-9991.442164949458
-9911.098811322132
-9895.21923276887
-9872.250700677487
-9921.971927470184
-9842.830396867164
-9923.135939348487
-9936.88147533364
-9976.526448161667
-9843.937548673104
-9941.795561001007
-9966.728245186072
-10002.00151806277
-10066.56989475265
-10006.564961567998
-9905.615306302796
-9966.592373516363
-9970.601939913966
-9973.912788497651
-9969.495934649849
-9986.715496886107
-10010.275591822272
-9921.44228787296
-9967.1246405321
-9997.377242520724
-9895.479715801743
-9966.915628625524
-9994.598739298117
-9961.190327163893
-9939.740927330351
-9837.738632985043
-9832.899182980453
-9948.15068577038
-9929.039030134656
-9995.02851492713
-9958.912570336923
-9966.735317885012
-9943.01555829657
-9870.83780638987
-9941.636409372966
-9951.241971270048
-9946.612011719504
-9914.759561745881
-9983.844778312508
-9890.858875290509
-9931.999026248543
-10001.303314374794
-9922.389580841134
-9940.292852459239
-10000.675536032519
-9873.32391168686
-9990.713638862095
-9946.220026642317
-9926.948081802935
-9898.351184389625
-9965.902272101528
-9976.203648252562
-9922.520059222486
-9942.371156021865
-10006.079584083169
-9966.724507212386
-9807.038416884076
-9952.531165764161
-10038.049320723449
-10031.418526836354
-9922.115198799365
-9838.47438904128
-9907.784991659351
-9931.458575864552
-9974.67456008246
-9964.818220756866
-10003.728547426801
-9935.298542869321
-9931.440388238198
-9971.929564933964
-9888.265700557336
-9886.868799515058
-10014.962969214388
-10033.090851809073
-9995.65810469855
-10040.7589608796
-9957.414837042725
-10000.361200624731
-9861.697606949754
-9897.306081323215
-10015.757055406759
-9962.734565729628
-9861.254282518874
-9894.593252268023
-9926.942271447202
-9984.292455058494
-9989.280478051747
-9960.939016461743
-10003.283142944805
-9960.08638567598
-10035.872007628346
-9949.240158628005
-9934.967561768994
-9996.64506539113
-9907.468636227928
-9932.320534500748
-9990.070465074205
-10017.500327827722
-9961.656429189727
-9959.254706692958
-9894.125109035715
-10053.373612932417
-9948.594573277309
-10014.655293890582
-9984.371625915508
-9970.295671833137
-9987.139077235464
-9990.861044815305
-9982.336439088564
-10020.858790179353
-9892.03373153416
-9903.12790325913
-9963.427326743045
-9889.78369780349
-9976.528520908392
-9995.714959208386
-9928.687855296539
-9952.007789881356
-9983.459045049844
-9972.809305254112
-9942.519981239557
-9999.096044262207
-9860.904896032273
-9841.822993447926
-9928.517921321745
-9998.672889292553
-9968.193594634038
-10041.460005453304
-9996.664034285644
-9897.420611840304
-9939.755936372885
-10004.55187756974
-9941.726770433048
-9945.55120660817
-9950.32494719284
-10015.090462552094
-9952.895257914046
-9923.123153770794
-9991.29837488836
-10008.08601705585
-9914.402282704592
-9869.636007306135
-9938.021525974884
-9843.51136806303
-10001.517794333784
-10013.50960373344
-9990.076121212647
-9967.839496211396
-9868.148912220095
-9872.470942260672
-9943.893330207715
-9793.98379259206
-10042.699023998477
-9978.38304940301
-9842.791735117453
-9887.330512737886
-9921.5358618102
-9931.938393682492
-9923.423542110117
-9863.514818676495
-9974.573707607951
-9907.467236234505
-10006.583117875301
-9943.150826451672
-9899.268592657805
-9999.984005630185
-9946.40030857326
-9993.180981550739
-9963.58526965559
-10034.283161855079
-9889.421279476908
-9940.99863812398
-9903.059815466842
-9988.906452499059
-9933.233003415982
-9922.412995067181
-10005.381780115387
-10042.866793203257
-10030.381131510912
-9920.013201447502
-9873.132992053923
-10026.42269638968
-9967.465437574523
-9943.803916448076
-9914.407494909381
-9849.387253446203
-9909.621389889007
-9822.24815664949
-9866.867505351596
-9938.364531479125
-9961.183497086644
-10029.466864284552
-9925.061769347478
-9961.240791227085
-10050.78225139048
-9954.15415574834
-9920.401250185758
-9924.605453930777
-9954.381001084317
-9854.49631595917
-10023.41850110183
-10009.135107844873
-9862.983651743925
-9940.058267203516
-9950.927133184217
-9884.403006278893
-9909.019880745547
-9884.24661904943
-9954.06638213239
-9871.131566888394
-9990.927112191941
-9980.744425370354
-10045.572891610344
-10031.275459937484
-9838.163650010123
-10059.148656287434
-9907.314165306683
-9942.756197428786
-9925.227382505202
-9886.581670632357
-9898.520538881754
-9851.108276286886
-9881.75375101963
-9932.506089170405
-9866.876728453193
-9957.084730656796
-9991.5447568895
-9996.438926432756
-10005.962210614161
-9975.37985957958
-9951.85338655127
-9953.836891165985
-9946.790234355522
-9980.128251725655
-9911.25135198352
-9866.615140987153
-9974.701453128415
-9918.120510978337
-9935.050427553955
-9828.419858582669
-9938.628480596033
-9851.33693471893
-9894.792785880352
-9955.167320749555
-9951.669455718647
-9968.47753744315
-9967.006592494254
-9942.00376529396
-9956.392945881722
-9956.49124524384
-10002.769646676734
-9970.673339555262
-10056.990744018538
-9994.580182555543
-10009.237889625248
-9916.089787437271
-9885.776742538033
-9975.38642866528
-9919.180021151624
-9977.18387779342
-9906.970218517185
-9996.787738441155
-10029.41093024633
-9931.451687668548
-9983.392007486691
-9912.531159769176
-9913.221295596784
-10004.573007491577
-9973.899571450125
-9964.163428415624
-10013.651520056552
-10004.940092848889
-9973.60171214973
-9855.080740493686
-9896.411295734953
-9921.26553126296
-9940.766981395987
-9945.685846529697
-9931.216565531437
-10110.300084425775
-10002.417001919457
-9890.32791003033
-9921.235432051355
-9952.19760775925
-9930.65912080805
-9826.257835722454
-9892.71074428063
-9915.58268326606
-9952.035066239736
-9934.291960993649
-9906.851349336564
-9952.324241089673
-9867.524565306136
-9814.903394491244
-9877.29580205264
-9872.120737230076
-9906.439180375224
-9952.787296848212
-9924.285789726546
-9960.221296032809
-9986.39677105172
-9914.331141493189
-9995.491291083668
-9955.486081953954
-9906.121100133802
-9932.304698476066
-9932.663071809993
-10100.606367590173
-9990.040582121223
-10012.119432507188
-9963.965128786174
-9991.59220731822
-9994.037805541184
-10088.93883235632
-9934.958131613925
-10029.357273243175
-9976.43651543294
-10008.7615845588
-9935.807476971473
-9930.519419018628
-9968.705654643476
-9912.856169410406
-9945.55122396864
-9891.088073577619
-9878.410806053265
-9896.4844150799
-9897.149847445722
-9957.562770407298
-9951.148431299818
-9963.856317491856
-10078.650753728905
-10050.672252370467
-10026.755904515217
-10084.144044754921
-9996.311588495446
-9937.416813856798
-9963.639873798822
-9971.94285670647
-9978.10126886869
-9896.90443901722
-9975.153388989176
-9893.556116697862
-9930.447146929277
-10016.945842810857
-9962.544728344094
-9943.669317510106
-9865.301195722728
-9981.15498511535
-9941.981121335168
-9932.488195767108
-9874.812672440827
-9941.34890858507
-9868.733247346094
-9950.39924821794
-9890.997704318148
-10006.013826637367
-9961.724229700165
-9907.119286969575
-9879.48812696641
-9849.513928190885
-9993.212234697277
-9959.480888992068
-9957.321697768768
-9839.666523223408
-9960.009577989927
-10103.809576686426
-10027.623627325032
-9957.79428886027
-9934.566489869821
-9867.488365093819
-9945.530730499091
-9818.993672389022
-9944.714198917969
-10012.796437777775
-10096.33316851916
-10082.595402868756
-9905.793006808552
-9988.717545938724
-9886.46908640935
-9961.831508519806
-10084.835824792553
-9976.125598802966
-9824.865866893091
-9996.523668104925
-9843.277883941397
-9913.068175393548
-10024.398823535352
-9884.609161754237
-9867.434898798741
-9820.169512034721
-9914.204330988803
-9969.907585061099
-9968.036268724702
-10071.241132809802
-9974.414197992246
-9943.75008466542
-9836.918058949179
-9998.709828180947
-9972.596962137317
-10131.689997145328
-10036.547603999701
-9955.1101221489
-9973.390100244203
-9937.062843315302
-9900.785604632543
-9899.77899085799
-9942.965707435364
-9963.282456881994
-9880.39180849697
-9967.136737743287
-9932.533280948195
-9932.813806555287
-9952.426784430565
-9920.83513817348
-10028.59717550179
-9967.423710990093
-9906.021897601042
-10003.836726692745
-9966.414157840507
-9936.66416237088
-9912.123294959527
-9931.360299178219
-9932.146098056619
-10006.9824327031
-9920.60376726086
-9958.297195210966
-10021.821098342854
-10002.430444736034
-9905.956493964182
-9908.474276441995
-9962.381020657152
-9919.767104150786
-9879.94820285087
-9903.87444250178
-9940.35795493274
-10032.203976804214
-9902.518482618347
-9964.999097040984
-9968.71391584189
-9843.74320242691
-9961.330452391945
-9966.459614423029
-9959.774195629972
-9943.604621913395
-9809.786642016512
-9898.041361858677
-9907.607420915756
-9908.135401509335
-10014.11183418215
-9983.672456259723
-9927.487431095466
-9945.34832261156
-10064.619431182658
-9941.605717301924
-9960.001361095115
-9938.98643211458
-10002.1355295522
-9862.86762038271
-9851.237512648628
-9868.8828851037
-9916.555712632315
-9877.445973292011
-9864.10534583058
-9901.88744234146
-9945.09231845893
-9929.40233640187
-9862.710695862428
-9958.869412436414
-9895.49847853318
-9996.341597122742
-9868.762233112258
-9883.606456030891
-9996.311894520797
-9954.06999689676
-9987.977934846276
-9925.692713895965
-9885.80237982643
-10014.396359917604
-10035.674028479832
-9964.308425359519
-9945.155457670182
-9974.873231718162
-9851.391716899496
-9971.38674191156
-9846.757174837694
-9888.334652056232
-9861.733352890038
-9866.591404342034
-9919.766013597298
-9899.75172203316
-9934.51384375928
-9954.088253378155
-10014.84657227699
-9975.037694501578
-10025.594649647941
-10007.85120290929
-10009.827652516564
-9899.49982321276
-9967.70026707517
-9914.676105851087
-9887.14553649374
-10030.332780946583
-9968.34823375487
-9935.65938280795
-9965.314365472614
-9902.245617176137
-9915.447885589932
-9930.03950372985
-9862.008436336637
-9992.033274642497
-9997.576926870548
-10004.928785735734
-10010.76184824
-9956.599162934283
-10015.217351995432
-9907.45667311511
-9960.23146311783
-9971.858269786986
-10017.552736772317
-9882.462071938338
-10042.417982368412
-10034.575720692968
-9935.185299098353
-9915.034865516987
-9914.844672733367
-10041.381961820436
-9976.511591317387
-9875.765875604888
-9921.04993597489
-9914.498488857966
-10072.810323731162
-9962.150621367527
-9893.582230009333
-10028.739534431706
-9924.933061071577
-9898.39726036337
-9931.111757497956
-9886.48311249736
-9864.422071591838
-9979.532637219014
-9897.976836074482
-9938.595258195634
-9939.121595475131
-9923.80212857934
-9953.96302210942
-9940.302752233758
-9888.75374507436
-9876.477193766463
-9971.060518075166
-9908.075791186588
-9976.2226156975
-9982.20887146359
-9956.845774722393
-9944.74679881703
-9938.854995004087
-9925.311495717522
-10052.902928290632
-9963.541439048142
-9936.549786806378
-9883.410506477205
-9939.577327619318
-9985.065578284502
-9934.099098062743
-9845.594322885187
-9881.957524004567
-9988.898229386034
-9956.338938917674
-10128.402625576618
-10039.455700847027
-10027.752083650159
-10017.124543117727
-9923.206812915816
-9878.554169095054
-10082.063021847427
-10072.931563268188
-9947.829232975688
-9902.354135025887
-9925.972679444798
-9825.311349900783
-9950.692293956054
-9940.068267084029
-9856.34360684259
-9845.527489254633
-9960.06953814266
-9966.842936594447
-9902.696360468615
-9948.178278453313
-9997.280149261818
-9968.057630538442
-9964.48803073541
-9975.421553275057
-9901.323811204848
-10004.729939872363
-9916.815426049834
-9953.473750069956
-9881.485476203992
-9888.289424266008
-9948.472785434453
-9985.935333877616
-9885.017121968067
-9842.836892050826
-9913.500098265918
-9910.51530667132
-9940.994898594834
-10020.301454495304
-9926.440276476693
-10019.47768395921
-9966.990522719569
-9847.18225878977
-10050.410356321601
-9868.999241867425
-9856.118077870546
-9944.6743852505
-9933.511057319276
-9883.9489741131
-9950.529753194205
-9968.212285232761
-9910.127255861753
-9899.613531960344
-9999.433681828968
-9867.493962330587
-9822.342116205615
-10029.932152960182
-9922.919289478392
-9808.827935064097
-9993.447708274212
-9945.56713019585
-9942.212832636747
-9999.605659311854
-9900.931678547768
-9878.650612287529
-9942.319829748967
-9976.629794294962
-9948.49906927867
-9958.471055127997
-9978.844910451411
-9999.074015475266
-9908.17390538089
-9848.991712880976
-9878.172559510773
-9990.924361219148
-10008.752318610294
-9841.30305695799
-10013.840189077393
-10015.405874181903
-9958.976226413894
-9930.28982556762
-9915.399926087157
-9992.919303564808
-10056.260748343477
-9936.238340527132
-9975.347488134248
-9936.38274748685
-9891.273284375871
-9955.355633323563
-10017.3599584184
-9964.942743656655
-9929.268769245979
-9987.541729034245
-9947.610178114503
-9944.50090928866
-9967.825014473674
-9828.590018427589
-9995.652403081016
-10002.579008988232
-9904.174777588327
-9979.420853514373
-9938.691362985497
-9881.679211429746
-9902.35075363978
-9988.918912004154
-9876.916149306402
-9926.654220773775
-9957.231378378492
-9997.247700433854
-9884.211760952745
-10015.464125407254
-9991.624468598984
-9993.927265797687
-9938.292828564958
-9968.67818103778
-10050.420494993075
-10093.917968871685
-10019.601621807822
-9989.924595705274
-9975.27328887118
-9977.486049042553
-9999.121706254664
-9978.203817845868
-9914.308772050947
-9935.872974141475
-9951.498245407181
-9907.398794725841
-9967.719470260578
-9938.460848913222
-9906.149204215324
-10005.03556971905
-9977.585025891913
-9930.646721099656
-9904.882954669129
-9935.717760840902
-9856.299787850126
-9894.574339691007
-9967.830525497338
-9921.864124682195
-9989.265218191087
-9945.68953052188
-9878.936485075426
-9930.075941545463
-9910.762425182815
-9945.680570590743
-10060.989637421952
-10005.088779255826
-9908.054129122505
-9849.532238578297
-9925.470823297466
-9985.335662454472
-9975.058565977048
-9890.15144302404
-10019.614287885232
-9959.679714591384
-9947.0051417554
-9910.460376281566
-9931.515577019149
-9928.530231472363
-9970.27540801811
-9901.277544977465
-9963.77798486604
-9928.01795567643
-9992.81005168758
-9883.144330808056
-9983.229126153441
-9933.852083517048
-9829.082176148397
-9897.845145353593
-9999.184001803895
-9944.029504554039
-9956.404896060709
-10056.854827648745
-9965.087442966413
-10005.464473699727
-9985.442345486004
-10034.999792445984
-9916.11460663651
-9926.60990468412
-10028.113724546114
-9930.169206463168
-9897.85124266086
-10008.892007925768
-9901.873049303205
-10044.006479686652
-10003.74163603896
-9997.414956023713
-9948.005187933337
-9942.762632833721
-9822.507736520764
-9950.706994900496
-9914.503044968174
-9860.487160441111
-9948.776226782686
-9932.56371854596
-10067.803019872597
-9998.632635892218
-9904.023961588946
-9847.82640666422
-10024.570536146972
-9910.398892569494
-9919.476470770462
-9965.158368018507
-9953.087097777388
-9936.382282630726
-9960.123112986339
-9955.246151735268
-9981.911344876291
-9937.803950683658
-9852.653823164455
-10046.336001707823
-9982.487350117208
-10075.687148467914
-9936.355256455587
-9930.315673364446
-9897.155639240922
-10032.484584372974
-9841.386804489133
-9942.693177001333
-9963.195669392335
-9897.006776163431
-9849.033994535213
-10009.171888577537
-9972.2305344799
-9958.238265438347
-9924.447383569282
-9922.044535752653
-9910.95761115391
-9862.22676972633
-9822.59682041837
-9996.729313969363
-9995.977140555693
-10051.939068072072
-9949.92424964528
-9933.916849419882
-9849.104703880612
-9945.688754319737
-10040.401895131696
-9962.27173492905
-10038.257240537052
-9996.115893580038
-9932.57165309678
-9897.799465709631
-9905.889681552337
-10035.306333949935
-9940.514060620366
-9980.509769327817
-9959.577163487407
-9877.915346261552
-9910.309261540784
-9875.749278151277
-9932.794549437884
-9995.168858306002
-10035.248970765611
-9860.356723944795
-9964.293374943338
-9989.678520574807
-9877.27626057358
-9932.918540979075
-9919.17397052074
-9967.349858669675
-9923.69500981737
-10027.596597677395
-9883.598337257015
-10000.007942872313
-9958.798282670039
-9932.483450843652
-9926.366982194353
-9862.538574240538
-9926.601928184456
-9970.228817800384
-10068.47651000595
-9983.447897043137
-10018.011892565894
-9833.370996546328
-9919.926056774413
-9952.668099262552
-10007.150237912689
-9974.106646042057
-9960.067491052872
-9909.955640948194
-9845.550175148923
-9868.904846215359
-9940.89281322544
-9913.546005576834
-9868.505602861316
-9946.48388217923
-10004.93425527658
-9958.223302368104
-10034.5379480928
-10052.613750373062
-9981.814384034862
-9988.21037925125
-9953.449608269544
-9977.37591277637
-9958.455254140052
-9891.48711969575
-9889.44140370284
-9999.238994284233
-9942.010650863027
-9959.790803761902
-9894.520735904327
-9949.564579439011
-9930.136365128188
-9950.94962730489
-9957.431138141681
-9802.03975656034
-9937.076054309098
-9889.48349605516
-9829.09865710089
-9996.479739044633
-9973.276213892259
-9877.847603624527
-10011.007201439743
-9877.860888192718
-9925.268267452435
-9986.930189804172
-9954.191940866645
-9947.354328220334
-10001.6073175691
-9970.900737388978
-9917.699639984643
-9907.238542941544
-10014.9646225591
-9951.170711843539
-10065.069200895965
-9984.051846637773
-10002.949479141773
-9965.718948748787
-10023.891637044735
-9945.883002075321
-9926.249745064735
-9986.16305534566
-10016.442270627009
-9914.496506141406
-9957.486358299768
-9904.441027585377
-10059.407447775959
-10002.616323445487
-9904.805805035894
-9932.516240259345
-9910.624725857662
-9913.760189111272
-9921.773655432022
-10002.93130638682
-9888.967584280745
-9901.347915224687
-9907.807032635583
-9947.735293698419
-9891.880346130763
-9976.569620458537
-10028.228898602982
-10010.280741411761
-9916.126787131216
-9937.355097168585
-9877.296970287294
-9957.03753725264
-9933.265351794282
-9916.635307170796
-9937.691574334083
-9974.11715602368
-9879.16199194676
-9968.903959537081
-9950.057377462583
-9986.070880220668
-9992.169502696132
-10017.574906064334
-9925.08230328128
-9846.062578212992
-9892.768289386924
-9874.430844363933
-10026.290999772602
-9912.847886745685
-9909.026838255726
-9980.890081921047
-9947.663870768229
-9810.727022252431
-9947.068388585774
-9895.861262781045
-9932.624686618356
-9941.37310405704
-9985.486077709651
-10039.592784032491
-9945.13921875257
-9926.671871098246
-9932.827006120795
-10000.491496344503
-9975.927892421127
-9937.052971139503
-10002.131918058458
-9933.320431293381
-9973.467071757059
-9962.163637162408
-10028.574717619682
-9947.54684400788
-9874.90402307266
-9934.339815964784
-9973.308537853152
-9990.421885451877
-9849.112756098648
-9895.849132087333
-9918.222065120262
-10020.774768335496
-9962.729204611922
-9895.698761567279
-9987.244722173153
-9894.286963086335
-9991.031829468688
-10038.704633609646
-9971.3681138736
-9842.307820618613
-9892.573155710357
-9971.175453119653
-10042.478329079764
-9892.900605509381
-9997.13700076917
-9998.331481904153
-9939.863687016503
-9806.607676634176
-9989.464591297467
-9931.266198306723
-9915.91303001142
-9964.15393010544
-9880.849359049294
-9932.600288572277
-9974.886096810791
-9992.85900188528
-10016.280304079346
-10022.657494871179
-9930.968117874005
-9914.121670171107
-9847.52723001958
-9889.028155996863
-10023.668053858491
-9965.767626833103
-9895.645735751626
-10038.773049760584
-9959.32862825701
-9941.903404206416
-9964.74612548057
-9879.002066136209
-9887.775087063035
-10017.75738187815
-9993.071662419294
-9987.483615305553
-9950.71909926951
-9922.458535884436
-9897.169763607262
-9828.898074097677
-10000.143762536904
-9959.754361604473
-9917.009420787996
-10064.978325619493
-9978.735389004893
-9989.274442241356
-10022.911329969578
-9957.360371215776
-9937.979432707863
-10083.278338816915
-9963.803193176764
-9891.716779500912
-10066.50301587952
-9942.907327245337
-9966.059218986898
-10040.731673365497
-9887.107824537725
-9943.987838367932
-9964.259033846163
-9947.36032559872
-10006.884329054632
-10006.957470048725
-9962.66268349152
-9958.652741562886
-9983.129652184429
-10008.04850222357
-9985.629262243314
-10005.533966354877
-9931.995866672103
-9997.344939525785
-10071.498275333865
-9982.630413954259
-9988.973176902917
-9995.182185761367
-9953.917377490601
-9942.572952644397
-9984.454684070031
-9911.886511711367
-9806.061899204462
-9900.785791037411
-9982.193749505474
-9944.45000350125
-9895.274325603112
-9964.339210641814
-9945.364986126431
-9871.890363185357
-9996.68108587564
-9918.052967862892
-9931.283402560788
-9907.311743813818
-10052.787418316424
-9971.133074259702
-9881.88583286507
-9907.38998514517
-10008.625595288277
-10083.236104880594
-9886.928838992248
-9912.47143055894
-9962.933490695055
-9952.197893342483
-9937.96388169968
-9939.9433930691
-9846.001480295618
-9964.042988476383
-9916.594069767922
-10005.432989721206
-9894.524335111313
-9936.25763171021
-9899.456120824882
-9929.089530051191
-9816.337630417713
-9986.301391002631
-9958.223476029658
-9786.153174757557
-9738.843239341486
-9936.039746278504
-9835.596511949265
-9963.181447434907
-9924.598108421415
-9801.980987165605
-9868.854340860049
-9955.603316028813
-9845.712031957652
-9975.141833563825
-9921.896688990391
-9982.526046450552
-9858.414588748547
-9962.650645632375
-9889.756144544666
-10041.263923617975
-9905.608362040073
-9800.703289015368
-9859.629108215198
-9909.987694523501
-10025.292547845878
-9876.196520097776
-9907.60001865273
-9918.011401894677
-9867.448813087125
-10043.951124347597
-10059.353536419932
-9895.697091699549
-9847.927547105377
-9922.504243714002
-9977.081185055913
-9902.416620231974
-10031.26878856768
-10010.19232450649
-10066.391292311708
-10022.504318124324
-9992.923752043096
-10052.100307206407
-10062.702389167327
-9992.005037768358
-9950.859612354987
-9937.27774852399
-9989.462447382755
-9957.274487842911
-9978.669542709893
-9947.31278028917
-9870.843118934405
-9870.263223857262
-9888.306911565685
-9982.756247642963
-9902.29146621775
-9963.886144773425
-9950.486873437536
-9930.969550213631
-10042.77394392804
-9993.920273420352
-10004.183734062586
-9923.870366297513
-9957.481820198307
-9836.413738915451
-9810.551221994874
-9865.503958213578
-9962.196807615685
-9958.945689328772
-10002.230889521325
-10067.941041052803
-9989.266235258878
-9899.623280374986
-9993.654685438452
-9935.442579827915
-9886.312966571446
-9890.463364304138
-9917.815606577768
-9836.869822943972
-9952.873829185764
-9942.472805899528
-9927.480755678425
-9924.372836627084
-10000.365083180759
-9924.634022361213
-9961.178078739777
-10007.246423497258
-9872.819763507972
-9989.89036156716
-9942.34135262101
-9969.215883575713
-9889.774052854487
-9978.600604567255
-10004.219658844846
-9973.576286622872
-9894.392008496638
-10025.225990598708
-9957.193420280893
-9961.261331350575
-10010.27249743626
-10003.119070983103
-9968.658346121363
-9994.275422067583
-9964.741989676575
-9989.58618838808
-9915.916874138456
-9791.66899989098
-9962.724279029257
-9904.299747313393
