-10743.57063585734
-10955.663094083493
-10797.127749642046
-10664.906943426386
-10763.611308362593
-10838.167636621094
-10809.071060411723
-10798.619669636013
-10869.624396926725
-10973.976094886315
-11088.996949012633
-11230.781961091197
-11376.762945861323
-11484.13008075724
-11501.635862747467
-11447.670467496828
-11426.051805122943
-11433.688136652409
-11448.20105009133
-11435.551224132274
-10875.891269277998
-10636.495107111503
-10678.96407939349
-10600.617148615835
-10630.002447175038
-10654.297465872909
-10694.380249106429
-10688.343601102577
-10704.5637528197
-10764.957487871787
-10745.700959961858
-10681.132932194938
-10643.714843156034
-10661.888681485092
-10721.680536850134
-10686.63285479709
-10660.255516205954
-10639.961730565585
-10693.477172499377
-10669.510022988077
-10434.174484041701
-10392.233118280357
-10472.117916952608
-10435.79059433673
-10422.549959913009
-10476.932614213283
-10442.127027764122
-10446.793197330824
-10414.258439155257
-10426.032914126037
-10445.337026120618
-10381.362352355603
-10362.75324048245
-10425.286214128446
-10422.172247672626
-10526.80260683664
-10380.196280177925
-10364.540926777727
-10445.151361877015
-10471.98969025574
-10443.789191067193
-10442.344286418022
-10414.909237372969
-10314.241512649518
-10280.327118207875
-10285.80558183523
-10314.169235572188
-10287.981750673232
-10283.687404694145
-10397.881709949814
-10292.285276922683
-10334.127836538151
-10441.572001112085
-10333.712003689645
-10348.189701388314
-10272.494177025075
-10344.665056331554
-10362.959602084478
-10260.859378397026
-10334.6717607079
-10265.614607910013
-10295.416244298493
-10348.727748104735
-10260.091986128773
-10292.707722781133
-10251.642445664591
-10257.99059093763
-10259.440727934234
-10324.752112572589
-10287.653685194626
-10264.318124571075
-10300.388226454941
-10367.795641593755
-10355.556904386074
-10333.081577718223
-10313.600862276968
-10267.794251520525
-10344.922421943225
-10299.474242585291
-10268.273459802826
-10367.232470882298
-10276.311598592336
-10282.317178576217
-10274.440678327139
-10252.320731052887
-10264.593501449739
-10198.722408004953
-10308.302432639244
-10191.393794637079
-10270.469400386593
-10319.219255444306
-10343.073187342907
-10316.880221484698
-10300.747415974469
-10372.97452316329
-10341.81676454933
-10342.832629398688
-10269.059216883215
-10213.707754442416
-10259.37892208944
-10267.199664595006
-10264.187183402524
-10250.32129429549
-10269.78157439485
-10273.950581277815
-10241.821534533046
-10268.4409248407
-10243.0534052767
-10339.982359218222
-10322.734923336026
-10313.563295576729
-10319.832410597133
-10338.001288700409
-10241.222700135477
-10335.80975587844
-10387.956827228061
-10310.551285708305
-10299.718392488401
-10215.975371509961
-10270.467115380263
-10297.46015723797
-10265.625026335661
-10269.935037207315
-10310.072719466096
-10259.097423812398
-10302.729534151173
-10350.636103089204
-10350.288039399045
-10307.600728274834
-10336.25360805212
-10324.2240383245
-10336.809323618187
-10307.161671815194
-10363.509151091632
-10308.875687679054
-10326.243240288299
-10311.5765376124
-10257.07220722753
-10336.395429184602
-10371.903700049521
-10353.586816461617
-10322.310164045328
-10328.671606195989
-10318.4350184402
-10303.365107820158
-10218.065754417257
-10325.134554714448
-10305.15756440726
-10305.169442347124
-10275.733172396789
-10182.21543293542
-10270.299690645663
-10334.69997170061
-10220.288916609927
-10269.821013252538
-10305.823729261867
-10328.309724301052
-10303.46125515981
-10311.968878862739
-10180.509321808398
-10327.549188745155
-10399.651265122662
-10338.160792526665
-10255.936873287044
-10331.617425219178
-10221.729349641315
-10354.523194471134
-10246.836376446226
-10261.620485013416
-10334.77426096635
-10339.53665985799
-10314.937517369126
-10266.088388695556
-10261.036994370019
-10364.12212190908
-10331.497254709106
-10273.285570539356
-10289.116157917413
-10314.424675901682
-10253.059358433271
-10306.722962946795
-10267.304216094257
-10276.218219627623
-10294.580810364263
-10274.042229458937
-10320.13946641584
-10296.54970634085
-10319.922140778352
-10303.6128662331
-10294.120342727689
-10298.176667563805
-10323.971481088298
-10321.9896205189
-10290.7346108814
-10303.68138023268
-10318.860302166071
-10287.093199139561
-10301.442435154553
-10325.850419763563
-10329.451511307325
-10282.01959141052
-10288.925198214883
-10249.469982468352
-10256.912036196605
-10279.984218343383
-10274.476367396112
-10287.11165782839
-10273.512423564
-10254.668617492865
-10366.650119167276
-10327.269696371259
-10285.915364645112
-10277.958476126918
-10309.153849817872
-10249.134218003579
-10326.775431031361
-10280.910460804866
-10275.364089157567
-10310.320989526786
-10245.947444448226
-10267.76055603122
-10254.99515658131
-10240.972242744116
-10294.458114135803
-10282.184326017006
-10295.880026438115
-10184.723937212193
-10333.680990061137
-10422.412711821617
-10319.33541406332
-10299.520611135351
-10183.62046571648
-10203.031054001876
-10242.441328624096
-10270.001531753713
-10202.376358972728
-10257.718700819161
-10318.795544658085
-10306.235705580179
-10334.301280966834
-10340.414832010018
-10275.086566824091
-10334.646958818108
-10287.724896123493
-10268.090691433623
-10306.655548848963
-10361.643218836332
-10180.71837126066
-10183.057189413554
-10316.5467508124
-10222.84222913265
-10286.358556194114
-10277.023770921276
-10285.763845535323
-10187.037515065706
-10276.628608446892
-10329.605301843598
-10326.157544743992
-10358.077653545482
-10295.284543093538
-10240.035829025766
-10335.304729484005
-10357.268467425247
-10266.50499763326
-10290.640653463768
-10305.982982245823
-10271.839955604024
-10223.434796049296
-10267.93718296984
-10343.967525271491
-10280.9107905485
-10307.54541763389
-10441.046636426016
-10359.533681870686
-10308.294556091918
-10312.983525288579
-10395.717410813162
-10402.591679215679
-10399.409325110066
-10270.623858457388
-10349.541350404716
-10361.72916754634
-10315.218400541738
-10376.535102448946
-10420.841604872534
-10374.714836876306
-10410.931778372938
-10376.402738097251
-10258.011159036132
-10322.594005936908
-10370.976050577407
-10285.526300897774
-10300.961381435194
-10237.526464087292
-10234.442870133966
-10290.906366582865
-10317.93196958348
-10394.471628583588
-10329.764491021344
-10276.724920275537
-10326.353477303102
-10351.687725748663
-10356.117785454635
-10339.30034925404
-10301.134736444657
-10267.615795565436
-10306.48371739495
-10313.477692876628
-10308.355476089815
-10349.195694967742
-10306.451536680444
-10307.240359556501
-10260.11385469194
-10281.809600368975
-10197.850865037464
-10310.08584460905
-10264.901049595577
-10297.929402698926
-10237.946614295022
-10295.358603657565
-10300.457434224567
-10321.931924894247
-10238.781303962005
-10277.977620817252
-10161.468466925187
-10304.168336062534
-10251.710602993606
-10280.750210620325
-10215.17014546301
-10354.158304310478
-10278.38225102409
-10351.462651524704
-10379.137941050769
-10369.941620918198
-10262.276750353243
-10243.964821624613
-10229.350704665803
-10287.780162812025
-10302.006410501
-10273.551263295829
-10296.458073923513
-10311.313364344856
-10334.261013654868
-10302.77412400405
-10339.324253246807
-10275.2935675657
-10271.31380202268
-10269.244954282049
-10298.468686610435
-10220.661293127523
-10262.479807593605
-10275.07040378471
-10229.2886641857
-10125.966637405198
-10311.16724216447
-10260.469891696688
-10304.421131607909
-10270.71580718252
-10290.27690491017
-10210.117005678447
-10245.528433159929
-10352.39080219028
-10319.770759583742
-10270.532752331623
-10354.252758922175
-10239.957609826972
-10309.383026970045
-10307.340184789049
-10267.318658222186
-10260.274939304341
-10250.76368493209
-10192.290629393543
-10332.955190556111
-10290.995500723708
-10280.186962430747
-10375.038896777438
-10219.679583032717
-10264.181414136041
-10304.819237809308
-10332.20987696962
-10279.956732806753
-10221.287511256207
-10182.055379470823
-10272.763943142021
-10344.559828098381
-10232.431987662689
-10316.730568861902
-10228.366853879032
-10404.728840718119
-10334.24862412009
-10283.923159736034
-10229.446775936362
-10223.126257721877
-10195.051286779522
-10240.500510235473
-10280.81484049554
-10273.345604024418
-10279.711485371961
-10253.556316367583
-10221.429083065948
-10228.015407533301
-10229.357524743291
-10283.182631099291
-10328.371165021168
-10339.32473746038
-10303.057148422195
-10361.03137982047
-10291.673497831338
-10244.721737549233
-10280.460339381123
-10391.249002269846
-10340.43194062258
-10363.31203878939
-10359.962828214451
-10356.156783619463
-10239.007446249427
-10314.287863040965
-10348.715432523304
-10320.4312556251
-10191.508312536616
-10279.458664766657
-10304.294238352686
-10265.164599046102
-10324.02947054775
-10223.091134171667
-10187.862950853441
-10333.963964142084
-10359.095167576099
-10352.441245611068
-10280.310016295949
-10219.537216191275
-10269.087206727114
-10297.256593030404
-10267.104240282748
-10280.817181897988
-10248.73807725835
-10349.45954672523
-10269.842052861608
-10285.676600211094
-10318.086480041955
-10333.146081232397
-10289.805124458828
-10275.625607993452
-10224.85808057088
-10281.840161603466
-10293.799734105856
-10328.50405845833
-10333.333873282525
-10322.735819337639
-10315.550019680344
-10278.353627917899
-10334.767888137494
-10363.707366507504
-10264.185511835738
-10300.395312262972
-10259.090477135573
-10212.04867141849
-10203.909329601673
-10298.93787875331
-10350.585403621373
-10248.090540233934
-10275.693894946075
-10231.863837982906
-10267.6206341492
-10365.411724222933
-10297.574032710207
-10293.693279606305
-10203.686784824482
-10314.432173143574
-10292.829354400092
-10331.77809057637
-10306.0741010499
-10322.482673735727
-10342.482822159407
-10237.751370461827
-10221.99919498125
-10334.173676621209
-10352.660450756506
-10240.36805328477
-10201.507697226305
-10376.378439144886
-10288.782015980532
-10283.59002368792
-10300.558044920956
-10261.909514954334
-10339.541224625733
-10336.233642400064
-10332.117368379899
-10294.970156117588
-10275.106298334484
-10337.938543439075
-10250.328159125993
-10404.286741040938
-10210.411089937119
-10351.834225912142
-10356.07926732054
-10316.791265308017
-10228.82848505929
-10350.043572395443
-10311.15901136633
-10332.166298548964
-10249.046450844387
-10321.006177276426
-10226.944916721122
-10282.272561787639
-10345.712026024557
-10293.466746081158
-10291.692709974019
-10284.453493694533
-10339.839574621292
-10257.682564462968
-10317.908262633278
-10227.817598415153
-10350.170741202239
-10319.511305546104
-10282.852468826111
-10288.852014001364
-10343.677386143612
-10309.91922879158
-10326.276913974169
-10252.39841453829
-10373.60434593118
-10268.025458059483
-10331.810067875458
-10267.588131167817
-10226.624978098243
-10297.8219335466
-10261.387636722418
-10195.162593900182
-10280.146388062192
-10254.155928956852
-10264.213583085446
-10308.876189868542
-10265.013405843545
-10239.739737828431
-10282.672927671145
-10253.357103709704
-10288.75280303493
-10296.777630769251
-10267.667288432225
-10326.664617706017
-10288.65047248943
-10303.36167276718
-10328.59033696836
-10304.707664425574
-10313.765912870109
-10280.613812860613
-10269.34585231616
-10332.762394705162
-10252.625187154772
-10253.596341296085
-10365.973083896744
-10285.392574686255
-10272.698012961657
-10279.199445830694
-10347.996908083667
-10365.209086124296
-10327.191460530352
-10272.99186558272
-10345.573031896549
-10271.22075246061
-10344.290923121676
-10280.924324384465
-10227.719847828703
-10281.609576121544
-10225.507052009365
-10252.28576984455
-10303.645135651792
-10298.479432147182
-10292.714608286045
-10297.755640190075
-10306.259887093394
-10254.827167114327
-10297.618285932935
-10270.060196414348
-10296.445558093175
-10346.456954746716
-10264.081162465029
-10258.908673944803
-10359.281025548176
-10302.974583445117
-10290.340075352728
-10265.11629792814
-10333.794599918338
-10309.559025171919
-10245.152173004304
-10358.826310151268
-10371.588426045118
-10283.088948223067
-10249.070201602764
-10327.05113871731
-10322.204260031176
-10296.186446983502
-10339.58763002923
-10272.20545014767
-10297.024342734469
-10298.999316278843
-10288.837965832701
-10279.880174192032
-10334.025344681691
-10318.38731139063
-10309.60889332662
-10381.37295883473
-10375.333234498547
-10320.829082113522
-10269.319908639067
-10260.113480905338
-10248.682359686482
-10261.28030210725
-10299.076140273892
-10326.918093501716
-10303.682892173598
-10305.805741393784
-10321.487388349025
-10241.605301480873
-10300.532542777186
-10305.272158708081
-10209.19205829805
-10342.549545534273
-10378.491951434089
-10233.093138543054
-10322.206757302734
-10315.653521196951
-10340.175120495265
-10307.89570872786
-10325.087542703395
-10326.442925352792
-10346.576105013432
-10305.533223502403
-10378.996276483904
-10321.703833937314
-10323.612452959089
-10288.17390754903
-10316.58388269139
-10308.214922248193
-10307.83862673134
-10342.148739962524
-10293.23735078178
-10315.411417871595
-10310.044777193481
-10338.743627104945
-10259.248644838995
-10342.871022981617
-10267.888264709705
-10278.021410143896
-10333.772740287102
-10253.335112064875
-10313.8815064941
-10311.036196407611
-10363.874696933359
-10206.680876664594
-10284.592199466108
-10268.759249390141
-10233.849913383663
-10272.75656765223
-10268.40769761151
-10292.622151699841
-10258.199002664818
-10207.290421944777
-10305.493678742609
-10265.435124565363
-10284.291644404873
-10329.618183032335
-10292.644778381324
-10337.669563550666
-10368.82450002332
-10329.63882430324
-10260.476662784335
-10329.169083891247
-10333.209264983656
-10273.450973613917
-10311.75246728805
-10274.530361489189
-10267.022111967108
-10308.735677865661
-10293.355858205385
-10325.370974451935
-10352.495933174061
-10298.285021673246
-10332.13989317399
-10208.91704726154
-10235.041476905024
-10277.664689464076
-10358.272388359801
-10248.324645089544
-10264.640107735051
-10322.541689085345
-10438.753305778708
-10306.752515711123
-10275.533119704936
-10340.144733032823
-10358.56320803859
-10273.209401332339
-10262.889429050578
-10351.63484083448
-10238.898268317302
-10195.558343765857
-10306.430211514275
-10256.605589852403
-10292.217615432039
-10242.094501339032
-10245.817913779254
-10267.94261285353
-10310.032073660479
-10216.728736380279
-10207.050833008949
-10238.826336437982
-10238.871230954834
-10218.58889277748
-10371.600999729322
-10260.642562650664
-10213.814883004958
-10281.237583404525
-10342.945120530232
-10432.487585832623
-10314.13996769017
-10347.004381909996
-10343.125020200569
-10257.575518002126
-10323.950278236356
-10276.56822432886
-10364.99185873244
-10354.248977576812
-10262.820692217523
-10250.654683079227
-10257.783738901504
-10183.205585328074
-10279.435360112417
-10332.346481440662
-10334.985555804118
-10270.374300767984
-10299.660387520596
-10305.795690266048
-10270.949513907079
-10279.612260279464
-10240.176148507615
-10311.20011959787
-10246.91518190061
-10289.943697604822
-10264.045709404081
-10263.4051537553
-10287.231353266143
-10373.596951004085
-10393.465925308372
-10250.11083366503
-10284.644355224757
-10197.90379248776
-10317.764914492342
-10274.749228659068
-10249.026274936872
-10326.80311254216
-10320.242616471332
-10288.587181557508
-10303.80517545063
-10329.57407688136
-10360.861610735681
-10250.207123683831
-10311.247010192066
-10314.832030214666
-10392.86983292082
-10311.824709741099
-10313.007104982058
-10258.468697072089
-10301.262644170974
-10205.889734084556
-10297.048726379291
-10258.854931785509
-10357.689565515866
-10256.386625620682
-10191.971388985625
-10310.260172942959
-10211.111604600601
-10218.436857426868
-10348.706590440772
-10263.295922943005
-10188.899004757324
-10240.005150282723
-10278.39643731857
-10302.242308149242
-10309.502427187035
-10328.669760524599
-10362.750620785655
-10388.56183613377
-10336.056537096618
-10313.843403396431
-10230.546048298189
-10220.661674063871
-10317.850871875125
-10370.02173362901
-10301.626993053593
-10299.758437448601
-10236.444875408411
-10212.834285460856
-10265.150005552872
-10310.323485800325
-10275.122513923801
-10330.918586256357
-10310.497085525401
-10240.156673704347
-10333.48185970801
-10273.6667461042
-10264.541232561309
-10313.592812106504
-10355.338587101713
-10279.018118859865
-10266.247772405703
-10283.11453621068
-10312.409242442925
-10266.510961557482
-10360.083310601327
-10278.160185034621
-10308.137825682345
-10297.43780934023
-10269.317424498146
-10228.378660059749
-10234.789659475196
-10284.793889671933
-10320.400579938394
-10390.318974668236
-10313.183392190062
-10359.239780226308
-10168.070165766663
-10281.101323268173
-10308.696814247473
-10341.27101340617
-10291.620771924634
-10276.854946683
-10291.943273873409
-10280.871026231107
-10234.957993464537
-10342.871336604725
-10281.700324198951
-10328.376511548173
-10248.953929698197
-10315.648451995141
-10297.405916419186
-10332.132713251973
-10362.400632741004
-10294.940721915842
-10372.37274506761
-10282.708898153065
-10330.149145857938
-10327.172569582923
-10326.566039026133
-10316.478941686037
-10340.633805254005
-10272.900576845968
-10347.496223182217
-10297.830458966262
-10325.330790941769
-10364.534293802455
-10418.354283131455
-10329.635570289553
-10276.700323878053
-10309.285255978717
-10334.779551715514
-10278.90774978547
-10235.61335406752
-10301.811882615115
-10323.296062715965
-10268.056164532445
-10354.075061656966
-10325.916275314921
-10294.448181831545
-10268.359859215412
-10183.044893242926
-10253.684359840558
-10306.28716402911
-10265.82177067535
-10364.707422732603
-10298.478581424959
-10272.106520875668
-10277.430264886316
-10326.182187539132
-10233.182710931083
-10205.729447750145
-10215.227427096313
-10255.068571869851
-10313.38063751998
-10336.003168567497
-10289.12646707464
-10331.731475281806
-10273.082122143613
-10358.689319426918
-10269.902111796939
-10312.771977767083
-10297.359631631436
-10312.884512384378
-10294.082150650433
-10155.452787416114
-10255.145546934677
-10304.033990366743
-10238.558141134134
-10356.811657157556
-10303.553415028558
-10258.36800195887
-10343.989465663142
-10278.598474196106
-10272.53916415125
-10316.215863498917
-10235.71964723475
-10312.906187305307
-10367.703251026316
-10386.411662377126
-10233.121919257977
-10276.477448579622
-10235.707134636079
-10235.692806600879
-10267.883058577032
-10307.586673360991
-10339.025728391436
-10293.568943644332
-10291.733429213544
-10226.368984531147
-10277.609829795387
-10332.183036639894
-10319.213236117506
-10355.24296374025
-10313.811873749739
-10363.851029677176
-10307.1776783836
-10186.601220466297
-10213.736922780121
-10317.180607946526
-10365.953009141038
-10268.795635327404
-10202.137540880762
-10288.948399512394
-10258.011895291069
-10287.153546014866
-10368.493383095807
-10323.23051902984
-10329.837197126442
-10346.964869080515
-10359.163120505133
-10272.746557836837
-10238.880490393538
-10290.784824387527
-10320.435374004543
-10362.745356151878
-10397.860997475427
-10350.283864368497
-10368.496987155888
-10292.212927241264
-10267.777582778514
-10338.076070277833
-10337.812968536424
-10319.834440735347
-10267.066537974333
-10348.330632430825
-10439.228331617618
-10333.584427982809
-10315.660690154727
-10287.506966960344
-10293.021573211045
-10264.385057513022
-10223.295703057713
-10225.620062088128
-10298.552958985076
-10280.164951764555
-10297.877211650497
-10310.219395054391
-10298.139180983953
-10379.157987280278
-10374.916659902341
-10364.881703513409
-10378.746996769638
-10330.553132870267
-10360.99945788423
-10287.4656004732
-10319.494258790142
-10418.440269186127
-10346.720162463334
-10236.127272652353
-10240.718464839636
-10255.319671972471
-10322.687904014894
-10278.720082282154
-10362.853794768384
-10239.980983452548
-10217.631144415162
-10242.69945710654
-10234.606828647258
-10323.40683751234
-10332.37699423133
-10445.621787563958
-10329.202968501844
-10296.751805023949
-10391.125516400876
-10330.058567136679
-10273.440019107558
-10325.667548955429
-10340.491370161557
-10284.730226293877
-10372.578098441661
-10298.754180823515
-10265.559568842407
-10342.583403087461
-10392.530984448367
-10301.539841449057
-10262.719082623953
-10187.175654619658
-10245.215416725066
-10248.29979435384
-10181.964705998818
-10282.077580692188
-10322.582120767223
-10318.489643400015
-10239.49739594919
-10348.261834538893
-10293.99415280439
-10240.233002516537
-10261.203631714838
-10344.603054887133
-10267.068853253504
-10332.076372416803
-10315.316296081526
-10315.17144071696
-10269.589366214994
-10262.09860617754
-10316.701354466195
-10293.790605005166
-10184.717725560717
-10198.456299897836
-10285.213061280241
-10254.994043540497
-10338.140413419245
-10284.192561174683
-10393.632869615682
-10414.2428164903
-10313.024692113207
-10192.088700978948
-10245.39810798537
-10232.925234314993
-10234.818620561102
-10264.954327108426
-10319.172466952275
-10357.452804960278
-10385.28130881032
-10265.813416974206
-10192.196081959954
-10210.370309284552
-10266.820231552101
-10241.466054494816
-10264.139331895745
-10253.79618793631
-10289.253232365514
-10209.664705201867
-10226.065299685884
-10345.438815891666
-10338.474274036067
-10280.613492053692
-10191.106912222807
-10288.957937524012
-10299.670072701725
-10338.53009970305
-10280.15177083613
-10325.362509198103
-10330.355703074547
-10324.603612855077
-10313.001489343742
-10273.432700397758
-10335.323743303123
-10340.634266305544
-10372.598903215501
-10315.347546748417
-10228.084128235998
-10286.134460549569
-10245.746288023556
-10285.774887028023
-10229.12769301191
-10336.021264801253
-10280.63995673772
-10313.477795568091
-10256.207952121878
-10279.353105105853
-10266.036499735248
-10334.317593115637
-10267.812056851059
-10328.228112616627
-10206.05795979216
-10259.46842155377
-10353.759942931183
-10253.768272792155
-10304.704561463017
-10238.623745996418
-10326.203916093522
-10322.54314054655
-10277.472616489533
-10247.018290868953
-10234.694855290609
-10175.053200672919
-10258.094705653173
-10210.084931954678
-10312.352341070564
-10261.383138748606
-10364.028430771474
-10386.614312809266
-10317.60974945532
-10294.65164009843
-10246.888793566763
-10293.558112838806
-10248.522357351712
-10342.370215310684
-10433.189115190797
-10366.177658423047
-10346.87216313
-10368.488773175202
-10268.905266602567
-10289.07043849097
-10269.551024799213
-10284.183370360097
-10322.949527681636
-10279.585201511063
-10294.09692551395
-10296.452212833738
-10328.570759903829
-10260.184343976865
-10317.732389143626
-10289.414830452833
-10227.88606988831
-10328.178084780955
-10316.581354836759
-10228.596794417304
-10196.472494264277
-10286.119725989794
-10331.266608638545
-10264.781430796276
-10306.10381016952
-10340.317317790554
-10296.81775958555
-10336.829561766535
-10298.877346243364
-10284.753958156529
-10269.261443807149
-10222.460929595485
-10332.920853993855
-10311.698204418462
-10281.249365806727
-10255.5559486059
-10312.949424944123
-10356.91414841284
-10369.922823426383
-10275.327396221586
-10247.661923630738
-10276.223261944198
-10294.402110336698
-10314.439513010617
-10369.033560524846
-10332.903346867544
-10310.852948802707
-10229.654193366725
-10301.577830588136
-10321.200597659255
-10296.50485296808
-10342.611002511328
-10315.42359592082
-10359.260628770904
-10252.84854867444
-10326.245911489226
-10336.7781723121
-10221.876346358964
-10265.832371865865
-10235.885875981707
-10156.24615693061
-10225.255114938624
-10264.135636961664
-10292.533852245579
-10331.329542413489
-10263.47019011152
-10358.578869219298
-10297.177074715864
-10260.261081619889
-10309.776571867447
-10347.226976054837
-10272.586601195144
-10248.389723277036
-10328.259371714263
-10331.306583632031
-10266.747512127713
-10312.736517881656
-10204.508434010913
-10227.03066753944
-10336.928865424125
-10329.571035264784
-10280.324736215056
-10223.424792129332
-10304.64188745305
-10373.113166257699
-10272.273635944706
-10131.190940289736
-10234.95579937961
-10222.322185663716
-10276.768797905355
-10280.221977175372
-10296.172658631845
-10237.698993259826
-10242.487358763297
-10151.72120478537
-10247.237708627365
-10264.406211717527
-10311.260767647422
-10287.43253797907
-10334.385303734407
-10297.742487004312
-10277.186700049559
-10297.10174557277
-10325.612498138837
-10279.339060303015
-10181.919237071008
-10196.177770657627
-10259.595777541657
-10327.824996312109
-10402.312283779978
-10298.1249112326
-10279.039287068523
-10269.248752438409
-10292.96428718921
-10304.539347501914
-10307.815933598462
-10219.513031650984
-10282.292144612751
-10299.578652017923
-10256.75292411149
-10279.21775774173
-10281.004709118271
-10380.131856554955
-10252.85463029646
-10209.957164343718
-10261.05608680169
-10279.913124617335
-10182.049897644543
-10270.78534091745
-10231.835861161935
-10305.992334758557
-10300.572014431413
-10239.795501723398
-10177.41015829087
-10323.877786069426
-10234.288921833804
-10313.468655885641
-10223.877278067534
-10275.621954919723
-10238.046494890219
-10335.090792703955
-10237.863946899506
-10166.871164723167
-10325.429643135907
-10336.58033347988
-10261.994127175069
-10249.084747875628
-10379.666946341787
-10309.015337652596
-10220.573945508204
-10308.263459457074
-10336.05996217425
-10436.559546038878
-10237.975567826861
-10352.834101987486
-10352.84037572646
-10174.876421005307
-10212.593235019405
-10399.979379246328
-10393.288045847221
-10340.685960479042
-10362.381141660866
-10322.368552326687
-10365.378563297874
-10291.318816744959
-10254.27950995118
-10351.260840275465
-10339.87878093233
-10305.120517333795
-10296.36562143368
-10272.427762862812
-10270.888504862982
-10320.176549755048
-10418.746423855242
-10269.992078648593
-10312.59469252728
-10376.05399968125
-10301.197710041894
-10362.217821115933
-10356.818414590474
-10325.296416330511
-10250.618916153117
-10275.882540413224
-10338.3922763706
-10292.663464829911
-10324.17050268926
-10338.571535193933
-10394.89675307401
-10307.324298451145
-10329.998621168117
-10326.399085677296
-10282.352157584337
-10281.6156835023
-10302.358993302436
-10323.998568181603
-10310.37905402371
-10272.468001365716
-10226.690784524279
-10289.446552742134
-10297.275556457449
-10369.634641820516
-10341.837732243814
-10292.616892913018
-10313.881299935212
-10203.5392509351
-10334.922366160434
-10388.491813295705
-10349.597438458477
-10308.770021996563
-10281.102173592542
-10181.492082984309
-10276.122969297128
-10343.813651346305
-10358.763475761432
-10312.134150604836
-10289.472131631961
-10315.710266114467
-10231.917529532668
-10289.211551677477
-10316.840656042605
-10226.548928474524
-10206.242183815019
-10288.104309812155
-10308.358956131327
-10320.811135116752
-10269.819984550886
-10218.77901186133
-10334.480246808951
-10274.967375840813
-10323.210395919967
-10259.487778245511
-10264.598435454494
-10271.788402453622
-10338.170296251525
-10232.558263970031
-10228.050485315738
-10258.923382483064
-10288.694343298523
-10363.614118343521
-10334.540389030046
-10276.052651072769
-10307.716063071075
-10375.213175942848
-10238.38402765059
-10357.260982242542
-10259.801314719385
-10235.779965497492
-10208.468708775617
-10245.38270625558
-10253.204381470941
-10286.259848980144
-10299.242039682322
-10357.790136452533
-10255.90670379818
-10322.816593040945
-10335.828730998343
-10410.581784273745
-10286.328251526465
-10228.492411213081
-10286.297417611657
-10287.211208252247
-10201.104964636019
-10210.320464875975
-10209.477178882551
-10230.651795131498
-10301.498625238983
-10324.88241421842
-10228.39163427591
-10241.101077024647
-10337.309173851565
-10288.203166278965
-10337.00489798245
-10272.240356793463
-10296.846428383544
-10270.58870011269
-10216.604745231882
-10196.701543586394
-10249.855077729753
-10220.151529440944
-10315.956117316238
-10258.047282502095
-10261.504321174383
-10248.845243443311
-10271.886116606986
-10268.824247070252
-10303.63743110406
-10297.987824978834
-10319.569939330391
-10324.465463117438
-10290.035331185918
-10315.99483617596
-10332.703607733632
-10306.172204548846
-10339.35090975744
-10343.283968226526
-10281.079306493963
-10277.830317189415
-10330.593024811478
-10347.76675477695
-10257.613435267584
-10323.977098647169
-10303.67087654258
-10348.526414277312
-10259.216577171273
-10251.065207956048
-10344.447648582638
-10313.241337393843
-10326.086427289843
-10304.717752953087
-10380.696713960624
-10340.038162830511
-10310.244701649159
-10278.45999497546
-10310.380591203622
-10309.203522639746
-10309.83532500644
-10187.915411511303
-10271.473158967668
-10290.262394421761
-10251.366513064142
-10254.95173104811
-10262.003983008351
-10255.84860331202
-10231.342032493296
-10302.653484647863
-10219.490648085884
-10214.007160874942
-10233.133444607998
-10346.058738459886
-10312.105962025398
-10290.324482370159
-10303.60275227639
-10234.781755351341
-10288.339681247222
-10295.120734836299
-10266.004638919576
-10271.399706444065
-10238.122674813952
-10220.438432808429
-10268.813359167183
-10265.822569067554
-10250.712839649703
-10324.06195197689
-10309.095315916382
-10241.07606461418
-10255.173415875153
-10286.26574840737
-10349.018480695524
-10281.126454351874
-10223.2564612351
-10234.147729408343
-10298.762585108281
-10369.882062734549
-10243.713165658444
-10281.959592966576
-10286.494451430906
-10335.164242807938
-10320.18352875873
-10237.761849153101
-10317.349973321101
-10326.14920499879
-10189.413607429044
-10250.299871335523
-10274.945671377807
-10276.237448260781
-10246.018357341689
-10253.226363229838
-10254.958975678615
-10318.469288637845
-10246.579287141793
-10223.679753263692
-10220.07640261254
-10321.77474877294
-10359.249343502277
-10289.184172699941
-10317.453158235341
-10307.525183324764
-10307.414701846012
-10276.225500608443
-10246.346756966406
-10239.330793550937
-10298.941926916617
-10321.363980189217
-10301.049081001893
-10373.319370852394
-10286.84570465993
-10370.116809496401
-10350.414992186783
-10378.42035151739
-10354.731619307937
-10323.979476833458
-10269.948918063474
-10294.036057703699
-10269.894606924716
-10285.083420768311
-10326.83351555262
-10343.826666378634
-10260.529028674378
-10252.287647413938
-10228.660189491524
-10266.697851780631
-10344.14277354577
-10289.742942939407
-10237.996290149418
-10161.57633042508
-10297.405953683143
-10259.090818481012
-10292.560224842504
-10361.424186898452
-10380.330161488488
-10328.253967296057
-10267.97857993608
-10246.377497412825
-10143.71495687698
-10288.26534873356
-10345.687687579268
-10359.828543346217
-10294.695898758398
-10266.886930281547
-10374.16201777552
-10346.846171273008
-10284.902547706417
-10292.643885812231
-10279.321749654246
-10322.02413793586
-10170.965204636546
-10225.508645556858
-10231.547217465688
-10249.576052721224
-10302.587339968382
-10339.83182358981
-10265.291512959257
-10276.000036486184
-10360.838763902651
-10325.738003468861
-10261.953687153324
-10264.632203719122
-10324.259912234247
-10272.612600420885
-10338.911534195537
-10221.130559286468
-10322.583159581374
-10378.01971168896
-10286.060803446066
-10303.15031200961
-10268.36725327215
-10329.05852240698
-10281.917209409748
-10340.35740496918
-10319.601887036017
-10345.111554690044
-10335.680470266889
-10339.172628591992
-10332.965929588874
-10338.921759299501
-10344.602345731802
-10383.823821132984
-10303.31005818474
-10329.428339590622
-10329.921603751938
-10285.621055101172
-10305.519306110264
-10272.606689202566
-10279.21052504393
-10231.667475635915
-10319.723188223772
-10300.888677421797
-10295.026399760332
-10263.838236626105
-10210.336976793908
-10241.764456945719
-10200.468887469586
-10185.246146824888
-10187.833371291897
-10263.537502994875
-10317.330799568277
-10313.247900638196
-10250.267737418286
-10382.182807177653
-10341.645008141062
-10288.420172616816
-10263.807416379244
-10356.22270181777
-10335.90951970474
-10298.985922149013
-10338.762229018708
-10213.86622355415
-10303.59859448098
-10320.13392373136
-10232.087081613103
-10256.784610969875
-10338.398485518679
-10332.226855861183
-10353.68055927874
-10440.156536360566
-10398.631988275902
-10302.101009255144
-10240.414567084006
-10278.368175921509
-10364.970067665125
-10327.982844621261
-10262.48280746981
-10286.877372920088
-10380.831737059425
-10263.338827044527
-10201.952738329706
-10345.981114510018
-10306.582778874368
-10289.467731961802
-10245.99869937787
-10252.518844690758
-10229.856965991952
-10282.59322232299
-10288.576639583178
-10322.991382494918
-10243.090552819354
-10325.056160181712
-10345.965697038482
-10284.94410198251
-10293.785155502055
-10201.050810976734
-10269.482921109422
-10271.74316718918
-10313.004941817062
-10350.911682491642
-10268.674853446722
-10251.815181632153
-10269.640847142879
-10275.046330871548
-10254.17169052718
-10305.860366086115
-10178.725903802684
-10320.240268428232
-10253.233357521412
-10317.24368265031
-10312.260007829733
-10315.407536584651
-10325.37312327412
-10285.801776388187
-10314.443366377893
-10231.951598082178
-10194.342937781275
-10309.08183761956
-10326.88771292277
-10338.137893463148
-10319.02380697454
-10266.135342689086
-10303.884454821387
-10279.895109362706
-10212.767715705233
-10263.626517873141
-10323.769652958152
-10290.511657455367
-10309.630532391544
-10402.063537235035
-10301.603347825167
-10319.186974674125
-10273.002965353477
-10265.935679876578
-10310.45056966759
-10250.243390182026
-10303.120762046834
-10247.210764253421
-10254.309795864643
-10257.97485987461
-10284.34551414408
-10220.508045709568
-10273.910052057367
-10264.813410239363
-10350.906487561955
-10262.250507155419
-10291.137168262267
-10366.406195999776
-10279.960919454315
-10232.467252647632
-10270.40839703336
-10259.976779713885
-10308.550873805765
-10337.596860055997
-10339.429752454362
-10350.99623274188
-10336.054143003388
-10234.899296587833
-10231.729728016468
-10256.604346243133
-10314.498747163763
-10271.56522822627
-10303.030975827307
-10216.556037316102
-10201.20220154298
-10231.602123315604
-10287.249014757394
-10299.83721499014
-10313.602940685656
-10318.404291444782
-10301.3984207834
-10303.8967063294
-10321.634772908847
-10358.21182758011
-10370.912913345688
-10315.120744571439
-10324.143871225946
-10236.034322536703
-10292.11229159479
-10266.385712473984
-10300.902130153492
-10270.433365807967
-10318.04181220048
-10350.40795633234
-10344.413147520743
-10352.99886486169
-10322.978026598954
-10255.405996212383
-10246.838380324656
-10307.664866908483
-10302.824907461982
-10210.30711307518
-10369.23064987332
-10301.454610556073
-10285.327728707674
-10345.694739777879
-10294.140043875726
-10356.110841563866
-10325.558276477579
-10255.300907974526
-10292.122325385048
-10313.490004449612
-10297.745848898032
-10220.997969409902
-10341.658625977701
-10282.201871750047
-10272.309845486234
-10217.728226274594
-10231.160099170243
-10235.669809781662
-10309.997168498108
-10261.428110950852
-10279.695808867808
-10143.799242350537
-10245.182169561005
-10356.078706362845
-10352.137032920895
-10267.329316923644
-10225.917218387061
-10290.467036336817
-10302.1158164624
-10222.539073177146
-10260.557305817616
-10299.50104000428
-10226.145629676063
-10170.225239822828
-10282.494591103643
-10281.36107161552
-10317.269452738525
-10288.34515999398
-10390.889968651969
-10344.474587990444
-10208.16620362898
-10274.50729624495
-10235.889556856167
-10315.02647903658
-10296.836750709064
-10286.277560603146
-10245.433746444029
-10298.811161657955
-10349.509593212504
-10368.799099207172
-10391.68418748672
-10347.325112806158
-10242.676467174357
-10347.182761279153
-10320.214692823827
-10302.818985985974
-10359.463905527478
-10297.09795263023
-10239.11153563597
-10341.296187722326
-10339.473005158798
-10290.35125791202
-10280.003738383675
-10266.229360142965
-10123.691606741588
-10295.360066411578
-10320.402302516417
-10293.404567777241
-10341.569355124975
-10250.48847101795
-10213.215928905514
-10318.46802454695
-10256.032052470171
-10290.197388097298
-10226.92889832292
-10293.184180150165
-10271.699829869558
-10259.03028581485
-10207.657746353234
-10277.30873885521
-10216.62506798595
-10270.370114551057
-10229.764180043841
-10207.04977842526
-10307.623311102261
-10246.751181446347
-10265.590181340112
-10369.36016934135
-10304.090482898233
-10209.563217436636
-10233.559723187049
-10221.049886106037
-10284.549440453187
-10347.909076100723
-10334.651330585977
-10334.343062113305
-10256.145961408289
-10449.882986781638
-10362.31391512144
-10319.417468538444
-10232.86989588039
-10257.756286692675
-10293.526182730526
-10265.700096225612
-10402.71534439988
-10295.104937194932
-10177.714863647894
-10232.910810684172
-10229.337295731084
-10171.375754219722
-10269.113667384112
-10278.859323380988
-10329.290392389328
-10289.555642146499
-10258.261243055354
-10352.215194560045
-10406.737564166795
-10353.187990285074
-10327.999581271906
-10285.630530106862
-10202.161539414148
-10205.561519532033
-10240.066351710582
-10347.67732714745
-10311.396312574903
-10303.858239580968
-10279.452748601583
-10249.072487312962
-10298.130229635288
-10292.928977936916
-10322.925909530168
-10345.004685023241
-10273.912021315919
-10293.936312413014
-10204.644278124219
-10320.90628427173
-10355.179268448284
-10333.129657606398
-10356.025138361489
-10295.290653795986
-10312.685960270534
-10297.337754428774
-10416.72313889505
-10307.97473587673
-10262.507530129318
-10306.940177297129
-10227.647686727578
-10290.10497580885
-10271.60973192131
-10317.112365232668
-10304.806756017173
-10381.613421783804
-10253.115854265838
-10298.337097222986
-10329.536363304778
-10309.834410175095
-10318.733531143223
-10274.067326334536
-10288.784783359783
-10299.71059785451
-10229.438137207888
-10219.096479021708
-10292.49277494605
-10346.519897358841
-10406.063001555794
-10264.46614785758
-10296.626980754061
-10314.50730816539
-10363.572592442859
-10275.893708047774
-10331.447141667944
-10373.571392968466
-10275.794248517968
-10314.900744853214
-10306.593094215319
-10357.30637740634
-10335.601509098573
-10315.57549422578
-10435.546065056846
-10322.728616852917
-10352.562135246508
-10318.758786760396
-10250.483524340969
-10244.669255380784
-10227.79482696394
-10286.719216177522
-10304.802280473152
-10317.636656368133
-10289.394396319494
-10372.136097296838
-10245.390682189456
-10322.013778709208
-10301.683752337203
-10292.25010440727
-10276.59823252244
-10340.734924065779
-10381.264422381086
-10319.177535132516
-10306.600356042012
-10277.402217325687
-10301.629180231463
-10319.044092507516
-10244.431876086135
-10248.479800112436
-10286.1721024035
-10328.425725601019
-10287.843468575567
-10306.379890678569
-10290.844686005605
-10342.100095739926
-10300.428447832532
-10177.26493171621
-10258.795514382162
-10232.157587808859
-10300.687671520911
-10271.534138801497
-10275.821362311575
-10300.277365400576
-10250.327433682749
-10302.502645388384
-10305.412174829378
-10296.92483437368
-10320.24215378116
-10289.251187081012
-10251.952896544339
-10277.70971429697
-10259.778526214119
-10292.596447648284
-10268.678440129386
-10320.553409325608
-10265.612758529285
-10310.073510109965
-10305.003887445422
-10261.088230321397
-10216.616708903302
-10289.807186951222
-10250.914088003745
-10312.788522934865
-10261.985284006802
-10286.386059231503
-10244.04693343517
-10319.679380007947
-10296.074004554532
-10368.31979424591
-10313.371376483527
-10306.265671103936
-10284.700751358325
-10308.799717480855
-10313.630079701536
-10337.197109383744
-10278.987000935056
-10279.34980323501
-10302.82043255791
-10332.652366363192
-10231.707145662696
-10262.251144555528
-10256.59330595508
-10228.418997488072
-10251.39419397984
