.07753879187107546
.14753888233600274
.09643791237787482
.05416380020280497
.08680759285949673
.11009333067907406
.10043897069474712
.09851682127352208
.12492519680365873
.16144820323647982
.1983888754458767
.24506030370442444
.2867949029499297
.3166894067539678
.32260087563109985
.31096143561400374
.30700242340140144
.30694574637246513
.30368445848709313
1.304
1.069576082001908
.9419043862692572
.9650308661635781
.9651267286355493
1.304000000000001
1.2271793362591
1.2198567084154506
1.2469728485062064
1.2095569799196548
1.304
1.2954198430843396
1.2522715444683177
1.2653911954967525
1.294700476281781
1.304
1.3351615900651483
1.3271777366146889
1.3020672952259937
1.2970134587171598
1.3039999999999998
1.2823307206876835
1.3150338037044096
1.355338790362612
1.3306247833892821
1.304
1.2827071201830729
1.2983952678486992
1.3259606820308996
1.3266489718283843
1.3040000000000003
1.2874899491654055
1.300927292455419
1.274435722913021
1.2758712314836447
1.3040000000000005
1.271331683599632
1.3135808028718563
1.2543443183669383
1.3145059295939931
1.3040000000000005
1.326014303048548
1.2790418783903739
1.287028748003768
1.2995664481650633
1.3040000000000003
1.2878971569688946
1.2650161920800553
1.2901029886087594
1.2759244281356434
1.3040000000000005
1.2928995911429022
1.3050113002898553
1.291376951290191
1.2961017409855717
1.3039999999999996
1.3181754825336438
1.3285502044711335
1.336100407020393
1.3365444752986113
1.3039999999999996
1.2986236382251113
1.2846941354086974
1.3241862436782499
1.3291759729782788
1.304
1.3067697520981947
1.2928192877580005
1.2651951002546962
1.313608847955013
1.3039999999999992
1.3002794677338583
1.3318719196399202
1.2849017573426826
1.3604623458447707
1.3040000000000007
1.2879074771682524
1.2927715811665934
1.2835248433142838
1.2942230424568144
1.3040000000000005
1.3018418469972002
1.3021156495787762
1.2810435520040109
1.3137861968102529
1.3040000000000007
1.2734024420898913
1.270390081105837
1.2486567659695678
1.2480270233707993
1.304
1.3363847393957102
1.2852916239530574
1.3061546925474792
1.2965345711990557
1.3040000000000005
1.314094756515881
1.3487975521017719
1.3404554519484932
1.3296846156974629
1.3039999999999998
1.3224763823931143
1.3609721699165915
1.3257426978291196
1.3060840681923684
1.3040000000000005
1.3245820152531063
1.3349144208627115
1.3210260998175796
1.3403064690080098
1.3040000000000005
1.3065292301261036
1.2996819943017208
1.2805023885159186
1.280269563354238
1.3039999999999996
1.3080156798175746
1.285491225768594
1.299744890930026
1.2513241689497299
1.3040000000000003
1.2972591307715908
1.2785707018722574
1.3268969336048324
1.3005376671784004
1.3039999999999998
1.2644836374128077
1.2651615557521274
1.2814297536361512
1.284708259932856
1.3040000000000005
1.2969763976297888
1.2984863762139454
1.3109501488464446
1.314276411687968
1.304
1.331091411713393
1.3264478436414284
1.3320769468460876
1.3163262830717761
1.3040000000000005
1.3453993283431644
1.318595855128102
1.318264955964714
1.3356265861364065
1.3039999999999996
1.34121162647975
1.309582396146882
1.3413211703151011
1.34220732446134
1.3040000000000005
1.2359096967173278
1.2709612001676942
1.2670053523881524
1.260243308522266
1.304
1.3312795815231324
1.3220705183767296
1.2699116707628364
1.2988995859309893
1.3039999999999996
1.2983571654486854
1.269908544506164
1.3175721002325878
1.2837895960681611
1.3040000000000003
1.3040380512718368
1.3166947777708047
1.3433283651543688
1.3112154287893212
1.3040000000000003
1.3319103586952952
1.2927069792426893
1.319369252097474
1.268877347286892
1.304
1.3189771513838036
1.302455752095837
1.293272562231949
1.2800132179296853
1.3039999999999996
1.3326779315276653
1.2977030813469985
1.302416884350553
1.312022258971264
1.3204757874360633
1.3342163092084585
1.293320012115184
1.2860916759256422
1.305821935477875
1.3142353931757027
1.3190898000251745
1.308059165883035
1.28387268479786
1.3122556804809788
1.2973290129498432
1.2820840732731735
1.3304035116606348
1.32771095940902
1.2987344780074046
1.3400275033502562
1.3041965343433548
1.2938757210067044
1.2879705799048045
1.2997253644132882
1.3451324365462887
1.315639937584912
1.31918822757318
1.3209952809546244
1.3255121790906939
1.3274500413040125
1.3084276095563927
1.3110607645921357
1.3123846359227158
1.275519666459671
1.3059945099620978
1.305268018974558
1.294262491962061
1.3041653797743078
1.304936372847032
1.3188047325387253
1.3017408435447142
1.2697286155169898
1.276388970895132
1.2998391056200629
1.28331548958138
1.3340389536329886
1.3488364374363428
1.3223794649654574
1.3162230181546255
1.3009968257507587
1.3117592536589724
1.26506067563986
1.292879110455817
1.3076682853312849
1.2996297864569437
1.3003953051579717
1.291313165823884
1.311819119951709
1.3517813744774256
1.3185343749666794
1.2932384098344414
1.29088627171327
1.3025791511056155
1.3147159119813052
1.327872863413136
1.3304896577818017
1.3163959075062945
1.3008707778564403
1.315210512449027
1.3092014590371523
1.2872830238258237
1.3093413187423453
1.288218612488864
1.2950753045189285
1.291938844979703
1.3226625950031785
1.3326801059755844
1.3366561087402256
1.29889405431515
1.3170824570890183
1.323590397961402
1.2966087919169418
1.2536895268692936
1.2962329997607984
1.331747418102194
1.3167273234947383
1.3165208246525901
1.340337700823564
1.3189835324125765
1.297395120210659
1.3066668874722844
1.2864143406637238
1.3085153526921103
1.3249000549900216
1.2778509687605792
1.343609010916586
1.3402652165690516
1.3237615915547158
1.2852597974669047
1.303685367616287
1.3219225960723335
1.2996378723067183
1.3075434245743685
1.3007123700350631
1.3016119953800913
1.3043926054571369
1.3385931352863303
1.3026084068858976
1.3053661319974865
1.3153295349685648
1.3238054909714336
1.3019660598897267
1.323132892391062
1.2991348001740035
1.3204773866138322
1.287343894064032
1.3049646373879245
1.3027348636149887
1.3008384260294685
1.2846396667845816
1.2949458053697953
1.3051040335078419
1.3198542170757779
1.2984304540013136
1.3299458054370743
1.3042740796878438
1.2929663197688042
1.3369056132324164
1.3376257533718885
1.2891987700621317
1.317276154706679
1.2939954280441586
1.3003792042103295
1.3005365903475399
1.3285040994931676
1.272028002989113
1.2958799389781117
1.294709060883287
1.2860998094793408
1.3124424029173827
1.3264449098723745
1.2962521115877752
1.30361678839803
1.3258945980567218
1.3016745371585294
1.3213751562246083
1.2969697459790586
1.3189200569723571
1.3158195720635946
1.2891265481725467
1.2829702039783328
1.2847841446143542
1.2808786029284414
1.3088797626816622
1.2934121129358713
1.3056289713923253
1.3075608034119726
1.3137569223339505
1.2975511195472824
1.328322726019761
1.3069339320369744
1.2922234115044766
1.3258950506956158
1.3082237829699015
1.328388332642083
1.327713204328566
1.3107627110017683
1.3106530961300944
1.332205065477419
1.322452398874144
1.3113246925815139
1.3333619805715193
1.3153135964809972
1.2882182407423848
1.330907441147558
1.2844978056507588
1.3190437981395107
1.3073193273890833
1.3218442188038328
1.316602688951269
1.2981361669020692
1.319947629644892
1.3282564826886312
1.3285590244505303
1.283608559934141
1.290572739180111
1.3193901821916756
1.2968874380263025
1.3044837787322567
1.2934906275665143
1.2930997241066078
1.3025557372651972
1.302200404331561
1.335066951719998
1.2841064015056896
1.299424230278888
1.30702061937893
1.332307074728556
1.2925826470913586
1.305267309012977
1.302909424221378
1.3125800575985809
1.2953548253388698
1.2904789984233196
1.3120349374942044
1.313385058023469
1.2935957428943614
1.3154495844009717
1.3086189093230414
1.290406441942915
1.3221709111833735
1.3012296642718795
1.3110167023054078
1.291729258105188
1.3617218787060783
1.3170842495766941
1.3101014760702685
1.3383812828814274
1.300872511562457
1.2994587411403173
1.3050363703633991
1.314827816751707
1.2825061180763737
1.2775165785384912
1.3088218441929271
1.2961851542947307
1.303485923368255
1.2880197605537766
1.301656481729194
1.3059194820252347
1.3031195770946282
1.3314702422638807
1.3108821738994245
1.2809810605993142
1.313275749785543
1.3308725407589774
1.2619956782013726
1.2932125157622063
1.3132684532440129
1.330604437631703
1.328245389889199
1.3221349735179022
1.3121924516212276
1.295924995313391
1.323681098191492
1.317046971403246
1.2913402690808158
1.3074129545323516
1.3109118970027553
1.2828065588121147
1.3094694952320989
1.3161097686055059
1.325053035186913
1.3009963669626718
1.3293464442406389
1.3013704381948215
1.3040983113665345
1.2993502297941384
1.322154318863748
1.3271773911486506
1.3116765074592622
1.3446717593099657
1.2767735279405636
1.2903531843031386
1.3118020602862166
1.3324267829536838
1.3013209212544532
1.298798480547487
1.309089574041389
1.2830589139062376
1.321062774103541
1.3070675528763775
1.2970353127814709
1.269750588111793
1.3060056147178916
1.317808318970778
1.312594757978165
1.320497980856652
1.2977893233791045
1.3081140876755644
1.2966837835443776
1.2923887854951908
1.3071351326867728
1.3046274762787442
1.2810520099600589
1.3092726360642712
1.3069489354333497
1.2828887098896147
1.3313484362838977
1.3257918270330535
1.2882604629433083
1.324200200165531
1.3544246992134372
1.3072618385763548
1.2907781323971095
1.303923144099823
1.2864521600976697
1.2988326151371647
1.326377010084545
1.3036725574729549
1.2733203164069198
1.3113305435013514
1.2854924341271903
1.3121202090096025
1.2823096978744641
1.2878359808237227
1.2969373740738177
1.2947105340039369
1.2981154270486381
1.3200226365919587
1.2846432678333826
1.2994169646809768
1.2896232712799887
1.286268747074475
1.2996138596578626
1.3411135622336414
1.307006515503522
1.2680617643177239
1.3202566797367277
1.353439193553941
1.2889167069155987
1.3466450591219545
1.300964053107986
1.294407030917947
1.3216694544156513
1.2867582719195385
1.3055917978902751
1.3282403125353779
1.3135635173542755
1.314110278490974
1.256858045183405
1.2910711517815416
1.2778188321282946
1.2599658630617454
1.303217252625538
1.3347509532580462
1.3295081207812196
1.326099295685564
1.3029400595883185
1.2725105269274954
1.3218429155916185
1.3046956873094477
1.2894422622775235
1.332203200933389
1.311985205188238
1.2962749225870347
1.3102442361634878
1.319971652898641
1.31487669846784
1.3505326037848338
1.3055613693327655
1.2983587799913796
1.2819048456453968
1.3083814671049832
1.33021890433581
1.3251629291844367
1.305381766149396
1.2916032322620643
1.2813165218559766
1.3027312060953504
1.276623453728765
1.2699427213513623
1.295418863727845
1.2567709375262301
1.2934063017861837
1.2790104366799646
1.2954804855161615
1.3011553086523302
1.3149438687637056
1.2651608413128146
1.3090629755019254
1.3284601938761798
1.2910372330998399
1.3034198503965029
1.2912476877302406
1.2881089415553697
1.2778242842025398
1.3077883193192592
1.3237973026489491
1.278778154295073
1.3139445578559334
1.2960902496486235
1.3111431984849156
1.3034295818544341
1.2752681396210264
1.3381060465874572
1.3162026305640457
1.2906927724861825
1.3095680713023685
1.2792247467161062
1.2825911370576837
1.2839525046307627
1.308436526783658
1.2776000837404837
1.2844311480308588
1.2787241068042454
1.3073997137801159
1.3125516871450547
1.3082316559446363
1.3199817544148502
1.2901563710803634
1.2861365387112
1.2786794453437114
1.2994588806265557
1.2843045792985552
1.3101990106955768
1.3195210309416339
1.2907857588260807
1.3100915607027597
1.3197614620025833
1.3223662909211513
1.2670057008834206
1.2855191934718397
1.3015879195481275
1.3048082831705876
1.2976290280975318
1.312782653297364
1.2680582314102087
1.2989184132825955
1.3146520216266426
1.3269390350845867
1.2815734624310178
1.294722315272753
1.2678055819395049
1.2554790154719035
1.3084912642568012
1.294298780271028
1.3240390776558584
1.319385129997609
1.3140250884160056
1.3170117615822634
1.3180364260367567
1.3062586662030888
1.2796524877548978
1.3198592889746203
1.2849994624385581
1.3051290849011365
1.2844636151056898
1.2999686385207565
1.325843584020827
1.3438797373833598
1.3339773800244303
1.3279466726761098
1.3193636855528552
1.3414749834670376
1.307656551611515
1.2965971528845257
1.2828749929923462
1.3082112905278374
1.3541534851516095
1.317547486425714
1.2865012951602834
1.2923362157841924
1.2733261148482247
1.3207533968687044
1.3165782262578405
1.308599108569234
1.3100555113634729
1.3146889265162973
1.3066922504903438
1.274561948466326
1.331375075157307
1.2896995252957861
1.295791091331087
1.301536297191004
1.2972743983137582
1.3104454867845636
1.3013384836379003
1.3239989709255675
1.2995289320632375
1.2886622304819966
1.3180701717582022
1.3260906291773422
1.287774314760362
1.2862162024449721
1.2769973000769836
1.2948223147194435
1.3041120361005258
1.3238980233763324
1.3192903363074797
1.2872304593833857
1.30006173937038
1.3101096345218226
1.330067425451191
1.3250910800046536
1.2908299595521833
1.2698484904831435
1.2871367511426839
1.3140371506946857
1.277012114182556
1.2925189907940184
1.2801622609457113
1.2906584335155942
1.3311035529231567
1.3055895794118562
1.3252416366586952
1.3016187490540045
1.2884249609170904
1.2954543449531575
1.3268286689140458
1.2807028986355071
1.2636907420076153
1.3172794207800484
1.3520185593018788
1.3280341327378027
1.2932563998397202
1.3089980495453484
1.2954159113375099
1.3303028674623898
1.305260976357834
1.299361599606622
1.3216747518022134
1.285683428393969
1.3095331248518918
1.340471172630252
1.3167041193436415
1.327380304796603
1.286719597437728
1.29106967828025
1.2888875106715405
1.3045190876725719
1.322509891122875
1.2927261710860343
1.3234929173179868
1.3059208520455476
1.2817704615502599
1.2934857675235167
1.3202638353978213
1.3046818288558715
1.2961227153326558
1.2950224342094139
1.3309829794158325
1.3117983150782788
1.339615526308453
1.30432691551009
1.2747982303628422
1.2712745445543205
1.2903548881954143
1.3078167357850001
1.300848296164682
1.329237194563194
1.3262938820621797
1.2784630391188847
1.2899133430086775
1.294554920952676
1.3232494363054526
1.3307482688447134
1.3125731491233292
1.2765254589549901
1.3087362184111475
1.3110454606169806
1.3393605853015826
1.3046605207166149
1.28821577778633
1.2930215788628634
1.3244274716401434
1.3078566389926396
1.299533325045407
1.3314196970356724
1.3301650206096978
1.2841928017115667
1.3052945700661802
1.334803090942353
1.3145554879633383
1.2766699307089022
1.3175190697411958
1.3137880639037656
1.3331652027555982
1.2867062431170502
1.3014997008906604
1.2979215396484802
1.3568587400838927
1.3193966918963673
1.3088998076417437
1.2940859865480472
1.329153580502618
1.3258705347903479
1.344564270937008
1.306491032518
1.3038613230520761
1.334833969998357
1.3119771449798774
1.3257654044842246
1.2952754813058318
1.263557362138517
1.309695977786491
1.2983430847342186
1.3197823300491298
1.3317273851090827
1.280493473725682
1.3291968259383895
1.329878558746023
1.3041603059148712
1.3260470756538916
1.3374611440104123
1.3598924562549288
1.2706281692209414
1.2850573513437578
1.3233164997736087
1.3299078586218651
1.3185936603568513
1.2800493493404097
1.3213957114494101
1.294697082647529
1.2893953776258278
1.2818030703660492
1.2981743601542732
1.2719671991583823
1.2986788065895358
1.3032542538204255
1.316399750839953
1.2723384184186202
1.304813704640036
1.313205146345825
1.3250253203234854
1.3465023698202603
1.3265132046723425
1.292899747460291
1.3130422352559479
1.3145092252581272
1.3156893371672524
1.3141618750535111
1.319835314712559
1.3277277377540118
1.2981881837966776
1.3133386945440089
1.3234348724950356
1.2894759167855492
1.3130993128242736
1.3225278068532524
1.3114172412932612
1.3040178635689108
1.2701858625633466
1.268707915379076
1.306934878831388
1.3006728128346565
1.3227238103243804
1.310694958245139
1.3132178820133285
1.3052668240736383
1.2813051883602578
1.3049093911173408
1.3080067985337611
1.3064857585702432
1.2959299391054648
1.3188231416857
1.2880274254683903
1.3016199748596013
1.3245780789805637
1.2983932346379683
1.3044123544692878
1.3245017046326268
1.282273729762125
1.3211261739950073
1.3063693571934853
1.2999226197830984
1.290482355063767
1.3128588419117784
1.31634471592319
1.298601759853492
1.3051283391631063
1.3263015865693875
1.3132184587048745
1.2600937147965166
1.308484992292661
1.3370230457097203
1.3346780832395508
1.2983970032931498
1.270570391100795
1.2934938134259297
1.301430658744198
1.3158015230402031
1.3126103272527614
1.3255143421221627
1.3027952714465518
1.3014452551523066
1.3149155969522384
1.2870559614940313
1.2865908616857757
1.3292849498695758
1.3353083607913483
1.3228573080800348
1.337777372025303
1.3101261865387255
1.3244033399457726
1.2783012122318156
1.2900472222947421
1.329474376632884
1.311740399615811
1.2780429763187602
1.2891998469183892
1.2999789932305124
1.3190659463665269
1.320821080128007
1.311318320089668
1.325409483717706
1.3110005024383353
1.3362239577399748
1.3074090741775737
1.3025397952301632
1.3231945703709445
1.2935494643315628
1.3017739336560308
1.3210608026816062
1.3300785590581095
1.311568253692279
1.310762961150651
1.2891488118024395
1.34203061050979
1.307287610304526
1.3291598683112509
1.3191148548016856
1.3144263887669512
1.3200005767934841
1.3212205921847442
1.3183857732321886
1.331250268842393
1.288424542476886
1.2921466839378881
1.312036752855075
1.2875475216571082
1.3164071100196568
1.3227857488608457
1.3005634642743447
1.3083296940666767
1.3187586512366793
1.3151968642013208
1.305160644796387
1.323893229732289
1.2779844973879189
1.2715742945024935
1.3004890312345336
1.323732209678952
1.3137485377976676
1.3380996715879876
1.3232445977454197
1.2901661154933672
1.3042441792650448
1.3258533771166372
1.304903551759256
1.3061974015378037
1.3078188069064294
1.3293534784503829
1.3085134622816732
1.298661728123177
1.3214171925105789
1.3269572031318908
1.2958259898381537
1.2808693831095186
1.3035662509214652
1.2722614092436806
1.3248023480324367
1.328808537965913
1.321060024411433
1.313606456215345
1.280341177232287
1.2817387877980135
1.3055153154639716
1.25586514009137
1.3384836534372457
1.3170710135803578
1.2719878494443115
1.2867747516445591
1.298201851985799
1.3016940414506633
1.2987346076749877
1.2789131937739435
1.3157937889079228
1.2935653561199123
1.326540753030073
1.3053979660620982
1.2907136371675278
1.3242192816114413
1.3065096974483401
1.3220422890493992
1.3122416792458085
1.335583994942476
1.2874894043558274
1.304682021847033
1.2921007739350703
1.3205604661493155
1.3020714069061834
1.29846040814766
1.326156578223395
1.3387041700848612
1.3344479644872471
1.2975978644283614
1.2820031912104546
1.333023075593119
1.3134454979643402
1.3056999045595403
1.2958019678395314
1.2740894775127114
1.294114092137639
1.2652047261016919
1.2801546537505846
1.3037683721646371
1.3113502215544617
1.3341084469399995
1.2993452324997732
1.3115099964588188
1.3412162987161944
1.3090359910115459
1.297867207823186
1.2992409375929268
1.309038236337019
1.275919997070254
1.3321020761480935
1.3274097342886086
1.2785820767330565
1.304199351091379
1.3078959020333984
1.2858233262901901
1.293938664220705
1.2856872315827168
1.3088796444158062
1.2814881999147547
1.3211758376164957
1.3178837988696501
1.3394518893801228
1.3347209705484366
1.2705246430611437
1.3438664631036652
1.293551046391105
1.3051496573433037
1.299331647444997
1.286610044264468
1.2904405819848992
1.2747940373045725
1.2850024498545314
1.3017945867510776
1.2801798578903532
1.3100238974169454
1.3214807865568283
1.3231392012730079
1.3263015782702325
1.3161050825831575
1.3083040461377118
1.3089071021729928
1.3064888283142975
1.31767646164877
1.2947458412147466
1.2798623150406885
1.3157884171808392
1.2969001096021833
1.3025487411182868
1.2672518891172477
1.3037517166048223
1.274878723014931
1.2893186012724591
1.3093231245150447
1.308176717360266
1.3138587468654612
1.3133450812278056
1.3049945232553928
1.3096964936252715
1.309742697002094
1.3251771113650808
1.314562567601046
1.3433650818508032
1.3225083869309036
1.3273145941894497
1.2963056831031936
1.2862385009328259
1.3161250796623885
1.2975132491778152
1.316736585685082
1.2932969778726113
1.3231055128792044
1.334101580399324
1.3015581203597142
1.3188324537890024
1.2952206459872508
1.29550303612898
1.3259060096380952
1.3155477281882826
1.3123765554645217
1.3288983615770482
1.3259862353821503
1.3154021150437831
1.276068216755621
1.2897816682159078
1.2980740602498648
1.3045317703056694
1.3061992916845304
1.30147767941522
1.3609969635114203
1.3251997063543286
1.2878280674250309
1.2980865111421958
1.3082843616788344
1.3010861878956588
1.2664351086968304
1.2885387907697636
1.2962125063791778
1.308268900475569
1.3024305900736468
1.2934019782976793
1.3083942496414642
1.2802019739772108
1.262676625749973
1.2834818913894805
1.2817409731814824
1.2931882237895038
1.3085785488205839
1.298991935950511
1.3110518961234459
1.3197483681950222
1.2958885565718288
1.3228100655529347
1.3094599280525292
1.2930887491348595
1.3016799687912257
1.3018884920189533
1.3577556509850792
1.3211081459368477
1.3282689786476092
1.3122825681194363
1.321399906327755
1.3223584699328859
1.3538643913790256
1.3027177248071895
1.3340574521416297
1.316560268415784
1.3272354377062643
1.3029331740283514
1.3011325025320053
1.3138825698693672
1.2954232752984027
1.3062322143223715
1.2879462930916417
1.2838047111972004
1.2898530422669956
1.2900277615507536
1.3100557591971662
1.3080102905618378
1.3123132312866257
1.3504395342262492
1.341147223736442
1.333317238886464
1.3523952943239548
1.3230670277709928
1.3033958247211035
1.3122324579856837
1.314939309895181
1.3169448361120513
1.2901068184338955
1.3158327506636447
1.2887873942297465
1.3012477646061011
1.3299599998989509
1.3118570990416503
1.305402698817452
1.2795310959372654
1.3180702632665982
1.3050410396434882
1.3018068671161094
1.2825484065800838
1.304720816640016
1.2805127956923683
1.3075148313769598
1.2879957643304936
1.3263348131509538
1.3115454878621886
1.2933725661452287
1.2840950011719852
1.274162641489411
1.3219920804750553
1.3108670971319492
1.3101078838803033
1.2708801366935334
1.3108079589292452
1.3588570324807803
1.333447216283231
1.3102471469973511
1.3025213206294708
1.2801479212213467
1.3060777857234553
1.2641655039640813
1.3057799871410503
1.3285510908946832
1.356314051705558
1.3517801108795002
1.2930460854494823
1.3204811551029234
1.286510355163229
1.311619890567214
1.352567799007748
1.316337989457629
1.2660101644433752
1.3231235604904832
1.2722971151131883
1.2952774333821058
1.332274997134992
1.2858410964780065
1.2801130755606023
1.2644433162304365
1.2956125638471552
1.314262045645923
1.3137211162830602
1.3480501195272265
1.3158784041869565
1.3054418000541768
1.2700015434462744
1.3238264517875415
1.3152875405676543
1.3680731647856286
1.3365323237880031
1.3093664632309356
1.315401362165823
1.3033822849217682
1.2912845392962375
1.2908834179619062
1.3052615163511054
1.312007281382088
1.2845806475291104
1.3132239824176886
1.3017179796596274
1.3018936076152012
1.3084585687691983
1.2980753292374447
1.3337800515261278
1.3133739122247892
1.2929656089219097
1.325524931249823
1.313147149106946
1.303236016420044
1.2950099038010405
1.3013805836429706
1.3017401965430129
1.3264741822564843
1.2977495545779525
1.3103692217674983
1.3316327621968593
1.3250351364345845
1.2929802961458228
1.2938303133828446
1.3118105942467921
1.2976828117465982
1.2843189848397547
1.2922074561920012
1.3044026051711266
1.3349501318635633
1.2918841806348496
1.3125843477920172
1.3138120241238251
1.2722717557332393
1.3112381010468144
1.3131811447743456
1.3110329561369383
1.3054500716325876
1.2609323608467184
1.290272463733598
1.293541945149662
1.293759646037118
1.3289673177064778
1.3187921982189128
1.3001022498898382
1.306030437422873
1.3456847155397471
1.3049228285513494
1.3109554225249291
1.3040476932239085
1.324958485816901
1.2786677643764093
1.2747873555936202
1.280702514043428
1.296404432129942
1.2834057609086649
1.2791226592320064
1.291556491910121
1.305958710141323
1.3008493635747775
1.2787031102408437
1.3104495354127592
1.2894040952318722
1.3229403749104134
1.2806389453745137
1.285611815411681
1.323012881897935
1.3090144381269737
1.3202156488944896
1.2994468285348388
1.2863223623182443
1.3291483137020785
1.3361071138239817
1.3124040591313735
1.3061144366025375
1.3159237970827875
1.2749541045813342
1.3147475126217814
1.2732693712271743
1.2871517687861553
1.2781778309344767
1.2797449350599004
1.2975956069758685
1.2908532070013017
1.3024696106604474
1.3091270166443927
1.329182002675517
1.3160380691193316
1.3328418023873858
1.3269802868512008
1.3275501431724708
1.2907576885185241
1.3135070247237763
1.2959376351703102
1.286724727911332
1.3344064027305174
1.3137696896507316
1.3029034964380939
1.3127144331090177
1.2917165614861377
1.2961067215990922
1.3009921987044049
1.2784078529619955
1.3215715771617629
1.3235239917181318
1.3259929329163855
1.3278958118799344
1.3099457198906757
1.3293527879619205
1.2935732261266522
1.3110020524379442
1.3149874468587623
1.330118247859421
1.2852331415912397
1.3383422009873418
1.3358065471672964
1.3027388757595337
1.2959735009862008
1.2960174789722465
1.3381596076906062
1.3164214892344857
1.2828931766931255
1.2979780466379145
1.2958565560739126
1.3484933747814265
1.3117167691801987
1.288930669433179
1.3338125657931046
1.299214978907254
1.2904716165152814
1.3013167389526907
1.2865519326055181
1.2791654466286615
1.3172550692408471
1.290258803000658
1.303839356325907
1.3039362661571667
1.298812864518641
1.3088939186082889
1.304328785470368
1.2871764508801176
1.2831619724670396
1.3146159954455474
1.293751864966589
1.3164265239469848
1.318455253646135
1.309847003498787
1.305844813154508
1.3038466105990727
1.2993836741398266
1.3418606262173463
1.3123004993379142
1.3032232046690928
1.2853870891815817
1.3041027215149907
1.3193591694571838
1.302246697749778
1.272855578489018
1.2849764882203294
1.3204187181225877
1.30967419760093
1.3670080473084512
1.3375238869229984
1.3334575693676618
1.329953963639616
1.2986895655884718
1.2839031228543423
1.3515811320248021
1.3486372624470842
1.30694294460756
1.2917761003584542
1.2995258846341453
1.2661152749043585
1.3077963627315905
1.3043051832096895
1.276400245621514
1.272814410684819
1.3109087554071943
1.313243472574171
1.291770465942912
1.3070481043036546
1.3233470555503768
1.3137104049122208
1.3124756018115673
1.316028316014222
1.2915093876341248
1.3257294122156076
1.296553592282306
1.3086877579240528
1.2848404024149829
1.2871550543091346
1.3070751731621402
1.319608191512052
1.2860305087681037
1.271955533621323
1.2954354179055796
1.2944590516383099
1.3046785355502348
1.3310286128797364
1.299979612104558
1.3308598827960476
1.3132349799864842
1.2735789163211675
1.3410437797961068
1.2807838549635322
1.2763030864391076
1.3057796585679025
1.3021338008682977
1.2855814686414095
1.3078110895563704
1.3137572796253612
1.2943630459665054
1.2909580286426898
1.3240482633582695
1.280137261964234
1.265113521847851
1.3341733157736608
1.2986008880248938
1.2606562471551344
1.3219760405912784
1.3062583560723315
1.3051894129741082
1.3241126629866313
1.291292173754824
1.2840058406404897
1.3051507223803165
1.3164272304672213
1.3071943161346893
1.3105367623557977
1.317231333008322
1.323909810973117
1.293708036591771
1.2739778816417662
1.283715107190495
1.3211990106259563
1.3269820589974008
1.2714724688759493
1.3288901205914525
1.3294296530813752
1.3106503283845818
1.3009575222116199
1.2961077579064348
1.3219139290108168
1.3429477003761885
1.3031974255121432
1.3160328488156698
1.303068946420023
1.2881587485986403
1.3094140607847775
1.3299994177036183
1.3126665576650258
1.3007601438197545
1.320092401751599
1.306864078283465
1.305851975687308
1.3136473445363626
1.2673844012699496
1.3227675384862212
1.3251797414422395
1.292521386591526
1.3174440371634077
1.3039017291967352
1.2849006297577852
1.2916662444929916
1.320484242805474
1.283339212097179
1.2998139399704007
1.310057611344523
1.323301650151898
1.285811611435924
1.3294343931029082
1.321517611271293
1.3222557131447399
1.3037497830009164
1.313843617346147
1.3411913623436025
1.3556363268489349
1.3309189312092622
1.3208713080035397
1.3159181846145376
1.3168072110396938
1.3240232530262297
1.3170220615965968
1.295784993102181
1.303011436105431
1.3081130490452333
1.293451991645961
1.3134790037566484
1.3037179073165117
1.2929871887268192
1.3259338070115405
1.3167853627214017
1.301087572079069
1.2925351510234209
1.3028777747618112
1.2764948431900671
1.2891888160970346
1.3135550952080934
1.2982433999703176
1.3207443106031744
1.306251136580437
1.2839348496779586
1.3009939990091584
1.2945960662254496
1.3062443529791095
1.3445312173084663
1.3259083478880584
1.2936102820749333
1.2741251146200898
1.2994805912226401
1.3194376238907577
1.3159861084760636
1.287771176320472
1.3308231911673796
1.3109607196202824
1.3066100566770373
1.2944497020345314
1.3014094990176555
1.3004613927383275
1.3143623923612255
1.2914225173794815
1.3121464080086678
1.3003186498062358
1.321886203193123
1.2852774181691593
1.3185016299797307
1.3022350758709944
1.267393055991186
1.2903620571337133
1.3240582715374623
1.305600356068886
1.3098205593387298
1.3432449900826213
1.312846314267261
1.326155470473297
1.3194910844534733
1.335842152266927
1.2963754426912493
1.2998488513368076
1.333638657562196
1.3010737384209987
1.2903205687628663
1.3272137854161046
1.291753331427913
1.3389911075696859
1.3255409442225172
1.323456950529644
1.3070800741762763
1.305127941330885
1.2652155650017254
1.3076399750657506
1.2957147815004175
1.2779343865921013
1.3071830900913328
1.301869892150166
1.3468153547733506
1.3237607363258026
1.2922668899872114
1.2736216885879652
1.3322677420485
1.2944953015035745
1.2974102041687952
1.3126164332410144
1.3086621995900234
1.3031602439250864
1.310965563821122
1.3094037617225973
1.3182360181660115
1.30345572082329
1.2752797721588442
1.3396392650193678
1.3185659267060366
1.3495756481675165
1.3032075671981729
1.301015979182528
1.2900748319501676
1.3350541684885373
1.2716600715847803
1.3051597456092763
1.3119282297806876
1.2898868127752858
1.274121866815701
1.3272719088467149
1.3149723364882293
1.3104270774499143
1.299164616079002
1.2982920272056204
1.2946287089888238
1.2783854575279334
1.2652132613460172
1.3231608550430873
1.323039179570633
1.3415984628089161
1.3076908748661185
1.3023121673228115
1.2741635035878418
1.306186296305043
1.337623292527468
1.3117261647556615
1.3370611906747951
1.3229843272474144
1.301809990195581
1.290347746903632
1.2930114801601822
1.3359949497634047
1.3045303358933675
1.3178668191632132
1.3108344311546944
1.28365973164649
1.2943327044397916
1.282987783543925
1.3019405922844365
1.3227339926418749
1.3361053698240104
1.2779121771366153
1.3124432920929403
1.3208174383350635
1.2834216526148656
1.3018897017210733
1.2972600191710222
1.3133080852528956
1.2989557633087712
1.3333222245580825
1.2856509978255677
1.3243406722678774
1.3105862357686247
1.3018440698993408
1.2996731934470456
1.2784356984669314
1.2997900841372194
1.3144148984055928
1.3470621141123633
1.318849962012558
1.3302662416543856
1.2688793469692432
1.2975759476408175
1.3084140901633239
1.3265903093060907
1.315762745951814
1.310958176975299
1.2941580683611387
1.2728533118239767
1.2805801398324097
1.3045741133629727
1.2954156915102735
1.2804563194163079
1.3064754508609904
1.3259563034172333
1.3104664664891532
1.3358789652696619
1.3418542350433962
1.3183846639738313
1.320480408780874
1.3089051481572627
1.3167097031951462
1.3104845726553838
1.2882524817333192
1.2876346288008536
1.3241113193918372
1.3050507826734916
1.3108858435764783
1.2892036400401456
1.3075429007522434
1.301046925696409
1.3078969579960777
1.3100649169239014
1.2583304240722573
1.3032455430423355
1.2874249322740903
1.2673762332689849
1.3230459154369623
1.3153914795893142
1.283664819309616
1.3279450621557416
1.2836961841337915
1.2993387360754438
1.3199999328017984
1.3091006146201654
1.3068276630145004
1.3248206187675309
1.3145881676536815
1.2969237310749864
1.2933669802543564
1.3292677806045534
1.3081538220619122
1.3459375659264385
1.3190334176595653
1.3252642603384974
1.3128727816440737
1.3321768508382834
1.3063115516089145
1.2997778709472212
1.319674252324345
1.329813873172117
1.2959208473522676
1.3100505112043768
1.2925892791012703
1.3440936430650905
1.3250859327710562
1.2926470612429906
1.301786494789224
1.2945133417796837
1.2956127927294239
1.2982880770691623
1.3252966507066672
1.2873554103639562
1.2913747573875862
1.2935528999823365
1.3066903855585819
1.2882533765856754
1.3164778220576845
1.3335710875973534
1.3276633020199016
1.2964138131783416
1.3034418856985934
1.2835149019982457
1.3099389360143796
1.3020457430502625
1.296600316644541
1.303565420540891
1.3155668836388168
1.2839938124103276
1.313792969182887
1.307684652488417
1.319730526835776
1.3216314722819948
1.330059360611055
1.2993496708910635
1.273025676275593
1.2885914702298016
1.2825499624818564
1.3329142454896865
1.2953323402280792
1.293988794448047
1.3179228597703545
1.3068749114480356
1.2613324694156691
1.3065221159662923
1.2896473832619597
1.3018493663565136
1.3047494528548105
1.3195435176859187
1.3375296270740584
1.306063011386252
1.299827249028556
1.3018740035108254
1.3244393321892403
1.3162795560163787
1.3032750775616533
1.3249754233577036
1.3021456202188337
1.3153741666131076
1.311730781250978
1.3337872915544173
1.3067927448396506
1.282629447817606
1.3023835449716799
1.3154457637620112
1.3211017983748063
1.274116074520924
1.2895553538628306
1.2971069202472494
1.3312517596809053
1.3118381810283217
1.2895769080750874
1.3199770173151806
1.2891062716022528
1.3211728712730668
1.3371588398115495
1.3147855967964954
1.2716579324078061
1.288409034988286
1.3147753628297532
1.338455593380812
1.2887958579720649
1.3233840753833366
1.3238322682801302
1.3042298839642965
1.259909154742052
1.3207615080290112
1.301458591771711
1.2962520903505055
1.3121986493187292
1.284598155330205
1.3018368469451052
1.3159697570549846
1.3219358714220155
1.329718955037958
1.3319586522006581
1.3013840091522364
1.2956209370292677
1.273546073338231
1.2873411227753802
1.3321885986759392
1.3129660730233204
1.2895328013724356
1.3369943504620483
1.3108071270550579
1.3049538470532955
1.3124656090484896
1.2839304711569517
1.2869043747186928
1.3302353285961754
1.3221199838736102
1.3201928923692592
1.3079242810482927
1.298564279940814
1.290005820565721
1.2673063882229847
1.3242667113000475
1.3109634832401043
1.2967537696905014
1.3459351462194293
1.3172457782125857
1.320764632888663
1.3319729521817785
1.3100640973932713
1.3037613457546602
1.352117429845347
1.3122762381068178
1.288292537928061
1.346399797649376
1.3053149438872087
1.3129307213115031
1.3377865870045906
1.2868674078672202
1.3056938141052854
1.312441787335717
1.3067731004782712
1.3265545660055846
1.3266142344908234
1.3118544648358643
1.3104776105034535
1.3187093800508332
1.3270269836561366
1.3195061124655072
1.3262050877428735
1.3017405349677003
1.3232505505810255
1.3479674336843914
1.318493477985935
1.3205467685138594
1.3225881848527492
1.3089232157911195
1.305149520433593
1.319067845657572
1.294956426149874
1.2597416193759419
1.2911850343354954
1.3183897519314236
1.3057958424441145
1.289356111147193
1.3124220168612177
1.3060372527231707
1.281635995222728
1.3230422218562128
1.2970181225056467
1.3013297232138457
1.2934691835925947
1.3418494801439609
1.3146759771853989
1.2849710615583922
1.2934523216329907
1.327213481982579
1.3519668626029888
1.2866385505762645
1.2950255776003081
1.311797908988064
1.3082401865889797
1.3037068066197801
1.3042403475779338
1.2730535729273893
1.3122607900803105
1.2964824948473297
1.3259512217320564
1.2891990052571556
1.3030613817646217
1.2908428152647347
1.3005730635293258
1.2632018283996043
1.3196941537435574
1.3103389284448588
1.2530130635618109
1.2373011472702673
1.3028348448000797
1.269564530796507
1.3119646710617408
1.299175366596698
1.2583443423076173
1.2806698124787577
1.309512959712087
1.272980698043557
1.3159580024502153
1.298414323710339
1.3184693075889908
1.2772595291166062
1.31178784005253
1.2876393654304281
1.3379772364891245
1.29280235791003
1.257809922307386
1.277505832914203
1.2942846444049592
1.3326496499859524
1.2830626418946522
1.2934553710886771
1.2969462696026544
1.2802281148419519
1.338990856997132
1.3440788114912443
1.2895199011225202
1.2736223450406472
1.2984858611738
1.3166477162112045
1.2918393442448264
1.3346661157791788
1.3277683411430536
1.3464384966732386
1.331761072609299
1.3220333265387263
1.34172126697499
1.3452605728902276
1.3216906411568057
1.307882632643887
1.3033685469040452
1.320693303057763
1.3100240729077626
1.3172010204735627
1.3068048227546336
1.2811397590880236
1.2810270217027235
1.2870569173469961
1.3184434690183229
1.2917731604981677
1.3122857336006486
1.307795859513995
1.3014130358829694
1.338661985602113
1.32235705506946
1.325691281865528
1.2990704765981622
1.3100194301086294
1.269704467600823
1.2612398227045327
1.2795182435823953
1.3117109786005923
1.3106565745477003
1.3249956684469948
1.3468612464512553
1.3207159476031227
1.2908335705223444
1.3220796817642693
1.3028435320839002
1.2864875947324146
1.2878059783302496
1.2967956031848835
1.269873704274718
1.3084625799237979
1.3051387714870937
1.3001174806351363
1.2992024137230507
1.3244480073492115
1.2992278480819819
1.3114988237284884
1.3267006000482098
1.2820509432033955
1.3208915948437632
1.3051057784485218
1.3139445357609707
1.28748972936178
1.3170252679031975
1.325697681388032
1.315516642415213
1.289266272460779
1.3326776378863772
1.3100432141997418
1.31140563148479
1.3277295750040303
1.3253431733740815
1.3138546958673354
1.3224082198111187
1.3126331765328383
1.320753507980626
1.296247751001902
1.2550318058947232
1.3117575712370753
1.2923760369143333
