.07911584075037115
.14976187955503767
.09701310597478746
.05298711074667989
.08582311185747615
.11066412151404598
.10099571319920767
.0975252830438895
.12118275235368663
.15596524737175982
.19431320872762517
.2415695815446741
.2902142139245594
.32597643821533023
.33179618338927686
.31382182571936845
.30660644678366206
.3091510497767786
.31398168271169097
1.0592055714034787
.8729445582879912
.7930194518790743
.8071356120305888
.7810488309956019
.7908143788014197
.7989501380951406
.8122532491350641
.8102431539260335
.8156943561448929
.8358027672584551
.8294008741387873
.8079171101652679
.7954246080685782
.8014956039258495
.8213775880355081
.8097502824223317
.8009194205835354
.7941744248656174
.8120366919210803
1.0657144097297835
.9874358238380229
.9733338086691143
.9998850790777931
.9879173351028312
.9835025916371112
1.0015459142920649
.9899885427204929
.9914970527266441
.9806905996793436
.9846231611792847
.9910484047713765
.9697449606344559
.9635699100925911
.9843708096737758
.9834327875750439
1.018112999482544
.969405479065266
.9641516576828583
.9909779282540574
1.0825801707934075
1.073155142386659
1.0726378420207634
1.0634419139532703
1.029885547061478
1.0186261486141348
1.0204301577592216
1.0298927873912946
1.0211900573560566
1.0197658864269756
1.0576817853433913
1.0226094896748457
1.0365842006063422
1.0722870151664101
1.0364187255375685
1.0412138676589493
1.0160728208657384
1.0400015206861841
1.0460851390320673
1.0121649531318377
1.0761796470102833
1.053265860637347
1.0631937515731047
1.0809119477477673
1.051448443875678
1.0622712800861747
1.0486564199941877
1.0506971707333894
1.0512239730380346
1.0729829876858452
1.0606695824194874
1.052877918298096
1.0649292898492912
1.0873236854135835
1.0832317655175308
1.0757820600188028
1.0691862341372276
1.053979649010881
1.0796513349338566
1.0644642412790326
1.0590961884993713
1.0919892264154136
1.0617695186682037
1.063695567393069
1.0611051090254742
1.0536995196247854
1.0577720772403065
1.0359868246873198
1.0723567755088144
1.0335195999539832
1.0597360882786693
1.0760418552803048
1.0840104774811754
1.0752650285367809
1.069883940724455
1.0939041486805376
1.083572505216337
1.0838653846275292
1.0593524353599233
1.0408455424183884
1.0573355992099838
1.0600225395873235
1.0590061095957648
1.0544256517227513
1.0608407230654966
1.062158795559305
1.0516388196477284
1.0603840186530542
1.0519721207422312
1.0842371515157947
1.0785115027465382
1.0754573208005458
1.0775611353883288
1.0835671064157009
1.0514685491535738
1.082880088290723
1.1002515136705693
1.074588138717035
1.0708952106172585
1.042990164063197
1.0574550877366882
1.066492832194313
1.055949643230223
1.0573682781082185
1.0707056462086098
1.0537388372360748
1.0682576813979514
1.0842522366047218
1.0841366205535645
1.069918922072144
1.0794777170033718
1.0755229254243603
1.079559776405967
1.0698005839682296
1.0885834773247238
1.0703564152765452
1.0761357739653015
1.0712087433802546
1.0531247539040194
1.0795604834891641
1.0869910968352692
1.0808882873964294
1.0705100097275344
1.0725581765742507
1.0692163484227681
1.0641438597014288
1.0357879218932888
1.071380893031465
1.0648056193454802
1.0648388955518304
1.054901172281988
1.0238041668929228
1.0531744216122763
1.0745637591519694
1.0365618833741765
1.0530248331268162
1.065081091708181
1.0724477255874858
1.0641903830202486
1.0670412392900566
1.0302294759826347
1.0790510631812003
1.1031495890617626
1.0827503004669692
1.0553395576146667
1.0803590016055395
1.043929849313184
1.088053166455584
1.0522619337546986
1.0571472774685746
1.0815411445829108
1.083153167455031
1.0749511927944289
1.0586262022227502
1.0569580066026056
1.0912784054055065
1.0804624289173952
1.0610313423328213
1.0662900107804045
1.0747517636626827
1.0519621875284169
1.0697378005272353
1.056624160663032
1.0596127157422066
1.0657265460534864
1.0589010164775812
1.0741941149366294
1.0663330251664151
1.0741233999775337
1.0687499652567871
1.06556853904821
1.066949908590535
1.0755067175349087
1.0748285752563809
1.0644168990700522
1.0686858900722007
1.0737457402308423
1.0631681670144604
1.067952827588067
1.076124240089731
1.0756607626984964
1.0599320955910547
1.0621328418614369
1.048954551510302
1.051500567658723
1.0592042653698772
1.0573760011665654
1.0615608881133605
1.056994044620866
1.0508239310054415
1.088089797398814
1.0749059832657268
1.0611175854880104
1.0585683534894947
1.0688510467125265
1.0488867919408804
1.0747785530719045
1.0595150592242661
1.0575962936585324
1.0691754131012785
1.0544943285974906
1.0616586764702935
1.0574152819917255
1.0528058179503803
1.0706672683725902
1.0665500383809254
1.0709736451738168
1.0339751987525696
1.0836468576386389
1.1132327600157155
1.07887009716287
1.072243191469638
1.0337381967250676
1.0401051019714245
1.053233277511011
1.062424849240389
1.0399302280144562
1.0583313423589966
1.078703383294975
1.0746102353490605
1.0878333304938337
1.089861347110057
1.0682396450980944
1.0879288443045492
1.0723440523418641
1.06583440030169
1.0786254604680585
1.0969014017174024
1.0366926433848807
1.0374636452097776
1.0817936241530932
1.0507273343096268
1.071901275468451
1.0688188015828304
1.0715870446057838
1.0387849235323399
1.0686224300891491
1.086321968834135
1.0852222794984694
1.0957661041167723
1.0634604447084197
1.045102935466165
1.0768280068970453
1.0841282071723468
1.0538843319352855
1.0619387191469603
1.0670769250123657
1.0555792762689615
1.0395270180293026
1.0544552731735517
1.0796812089531589
1.0587395336032597
1.0676249960331783
1.1119834982468624
1.0848834694005987
1.0677776715212224
1.069411592270087
1.0969693801915388
1.09926054337085
1.0981006176192536
1.040477863213613
1.066659188582202
1.0706917241904415
1.0552840735265836
1.0757342504548824
1.090380474119272
1.0751733462405082
1.0872403778370845
1.0756801547639694
1.03626499021689
1.057706258362666
1.0739288678181746
1.045448067284999
1.050453040620525
1.0294015593263244
1.0283760112140388
1.0471780393683134
1.0562126742934197
1.081683964310081
1.0601481604478242
1.054787599006889
1.0713222356813803
1.0797093529891322
1.081258742703837
1.0756607282956887
1.0628810166759048
1.0517996792039703
1.0647068063336242
1.0669947979397023
1.0653096151308625
1.078883834224755
1.0646922759481678
1.0649661588904038
1.049293712216303
1.056413536973858
1.0285373661497081
1.0657563822026461
1.0508714471787644
1.0618628176461709
1.0418682151685268
1.0777651967423132
1.0796190432356743
1.086799984865238
1.0591928241475836
1.0721011122966286
1.0334008896465854
1.0807961259784253
1.0634878624658313
1.072993596802951
1.051250116589163
1.09746474468035
1.0723376655414414
1.0965609624626769
1.1059219574592194
1.1028331709555965
1.067014754039953
1.0608055014665352
1.0559046490379087
1.0753530054084004
1.0801177061766434
1.0710722690928578
1.078740790849946
1.0837363179938788
1.0913412912709273
1.0808837370640516
1.0929696675914133
1.0716634061896408
1.070362014865837
1.0696591145948395
1.079346164701595
1.053522376870813
1.0673637329963221
1.0715862930417097
1.056335422241259
1.022038429522734
1.083507387432116
1.066730277054221
1.081340272896112
1.070223448057503
1.0765963020908598
1.0467283739757263
1.0584944724647611
1.094059784955195
1.0832239036038613
1.0668586527691017
1.0947022596147344
1.0567170849370098
1.0797770779761735
1.0791224551024805
1.0657821715864382
1.0633871690800856
1.0602004488437617
1.040891230016949
1.087604031466129
1.0737479308089934
1.0701592680701193
1.101664409399872
1.0500043987673118
1.0646937503997271
1.0783198860886787
1.0812302686125084
1.0638367565439828
1.0442398268582314
1.0312324692584203
1.0613708578568326
1.0852110667277266
1.0480303095012136
1.0759600128237634
1.0467945978831097
1.1053324463928984
1.0819194197994204
1.0651546305291573
1.0469967414140828
1.0448903908531142
1.0355194505120753
1.0506017174018027
1.0640737544026204
1.0615765358425933
1.063689431164741
1.0550166478234624
1.0442637059691633
1.0464803420501547
1.0470027619784519
1.064945687951692
1.0800151796330337
1.0836113213901946
1.0715515868365666
1.090762540403452
1.0677793647296798
1.0521459553713652
1.0640330143400916
1.100879459462791
1.0840297136342043
1.0915546688995146
1.0905527387366778
1.089182823560822
1.0501741179765907
1.0752277917762556
1.0867584651741484
1.0773008328037124
1.0344300312841628
1.063644565547148
1.0719073308915994
1.058988105468798
1.0785337806805
1.044882071995848
1.0331292199577382
1.0817711978888134
1.0901862299463083
1.087935683248302
1.0639323589121887
1.0436631880486407
1.0602084298421022
1.0696381963182486
1.0595751093752461
1.0640809636016724
1.0534749879832317
1.0869373169482102
1.0605399663171804
1.0656928365935323
1.0764578400900415
1.081555159595629
1.0671763935701324
1.0623727274166006
1.0455025602742547
1.064425817247296
1.0684417476424528
1.079993331707332
1.0815877885121636
1.078024680172994
1.0756099965066186
1.0632416476472328
1.0820828251698031
1.0917011731736954
1.0586365868611747
1.0706606373946794
1.0568402001911452
1.0411793031578136
1.038542369671495
1.070088188148246
1.0871983024805905
1.0532821419232623
1.0624125264949618
1.047751313433498
1.0597401516675977
1.0922501747023892
1.069730104798918
1.0683726212371165
1.0384356025980919
1.0752757748239923
1.0680457438823938
1.0810943634685009
1.0725788641013418
1.0779899827902313
1.0846598226946897
1.0498116466497747
1.044542251891084
1.0819112567580882
1.0880172402975428
1.050630078112373
1.0377271104610828
1.0958983518040428
1.0668653529592516
1.0650353842472762
1.0706381880465774
1.057847916637433
1.0837357696452925
1.0826040011936329
1.081198351294139
1.0688748190296142
1.0621757144166781
1.0830627073883947
1.0540773873311267
1.1051037750096064
1.0408219051977243
1.0877425871472288
1.0891674007907965
1.076076881147925
1.0469156394493448
1.0871980134725996
1.0742750625393647
1.0811563776219897
1.053583193951606
1.0774111389029235
1.0461438783213888
1.0645722518008487
1.085719796447528
1.0683862951921905
1.0677103027440853
1.0653323482981891
1.0837428875945052
1.0565266646502727
1.0763956024115648
1.0465542157177983
1.087211603544366
1.0769511784442922
1.0647122500496293
1.0668180032700274
1.0850396302396312
1.073747239503624
1.0791899748560232
1.054786821942756
1.0949976103730124
1.059958414126962
1.0810338286865049
1.0598129900709905
1.0460991903639056
1.0697185817078911
1.0576993007711568
1.0355806949437434
1.063828033170692
1.0552598624910066
1.0585786335801877
1.0734561804790392
1.0588856098603185
1.0504765455323817
1.0646838266139007
1.0550084093570933
1.0667512064483549
1.069418040004097
1.059784107990446
1.0793337362707494
1.0667387817259022
1.07164110671963
1.0799371086144782
1.0721005091822138
1.075066439186151
1.0639769488303832
1.0603535230645036
1.0814003449814342
1.0547063952326556
1.0550771329745285
1.0923754232085943
1.0655899714580823
1.0613270604238327
1.063599111864563
1.086550935011629
1.0923149239972412
1.0795570049937606
1.0614664689660471
1.085619708774185
1.0610408562171765
1.0852429223298368
1.0641233804193921
1.0464443237519432
1.0642832007761889
1.0456618138374205
1.0545837575252428
1.0716786193592278
1.0700310249609126
1.0681369382975459
1.0697966119696147
1.072543198819483
1.0554524942231924
1.0696097213888
1.0604802271526228
1.0693148794571794
1.0860265441453893
1.0584810069715571
1.0567957597020967
1.0902102734140622
1.07152187433954
1.0672775846508449
1.058954432742736
1.0817884842654513
1.0736672780648637
1.052280403319691
1.0900689872388398
1.0943139962799
1.064849122181654
1.0535266005566082
1.079429679077604
1.077895710833776
1.0692030211157408
1.0835890789898739
1.0612813698788726
1.0695475608981775
1.070213457073857
1.066809852591152
1.0638697694460808
1.081866062670395
1.0766269646119695
1.0737390180903932
1.0975750158522355
1.0955612905720427
1.0774058268219866
1.0602601517991426
1.0572406616915107
1.0532995221005217
1.0574741400544623
1.0701990151413376
1.0794782950695336
1.0717833871782114
1.07248258703075
1.0776248714175567
1.0510560985404191
1.0706881421572771
1.0722918142263094
1.0403203016928855
1.0846837342896727
1.0966700405873224
1.0483582955308135
1.0779024863485693
1.075731075731726
1.0838940168012927
1.073154601341259
1.0788644976226238
1.0793453698394286
1.085974356716971
1.0723510697742562
1.0967300676045524
1.077750945042971
1.0783358820317108
1.0664889482039455
1.0759426878350116
1.0732601551704184
1.073157450730898
1.0845238182684611
1.0683496597221533
1.0757028101231656
1.0738633910617734
1.0833408923399679
1.0569863524605538
1.0847852035129828
1.0598076694963552
1.063138637832058
1.0817336274546137
1.055050519288223
1.0750017776561995
1.0742263747374314
1.0917183987322905
1.0393899299746217
1.0653439176637562
1.0600616226078121
1.0484511261892324
1.0614495959697618
1.0599509856602287
1.0680365716449556
1.0565706430759232
1.0396426556489338
1.0723549955004728
1.0589623332801907
1.0652678474109971
1.080357136477934
1.0680954344286275
1.0831013161427396
1.093461518311295
1.0803661188236655
1.0573266800542862
1.080147974368048
1.0815090922241728
1.0616765693351007
1.0743301778825762
1.0619988768431812
1.0595161485331601
1.0734188585578122
1.0683230589529389
1.0789618136777173
1.0880057328083135
1.0700277783111418
1.0811418594891724
1.040248980539241
1.048896957988005
1.0631164466829286
1.0899271495871612
1.053303049445601
1.0587114589146505
1.0780862594785736
1.116694699056568
1.0727444583555303
1.062292756026549
1.0838879393713328
1.0899758156312023
1.0615455776110065
1.0581574853183706
1.087657433764337
1.0501789276248206
1.0356790088200567
1.0725683078358101
1.0561508884128898
1.067881439994107
1.0512038920202167
1.0524301263642701
1.0598200351223566
1.0738374911940909
1.0427978531632658
1.039540990323858
1.050173567932843
1.0501688218372942
1.0434499616237438
1.0943349821729904
1.057457087298969
1.041828380850064
1.0642342730511791
1.0848749717753225
1.114603898856622
1.0753479987748433
1.086224924624476
1.0848308766987234
1.0564264195459272
1.078474044887366
1.0627471608432573
1.0921751987713988
1.0886068122111605
1.0581447510467437
1.0540800294102832
1.0563932909775637
1.0316457205745904
1.0635979130979667
1.0812474318234078
1.0821663258319345
1.0606777105244551
1.0703774211088553
1.072426028736449
1.060922791422177
1.063736566654879
1.0506029179131826
1.0742207731578177
1.0528165190590604
1.0670861988524023
1.0585356125929626
1.0582720885377541
1.0662436424548374
1.0950253318311962
1.101598755419332
1.0539138899833942
1.065317958900577
1.036542814024404
1.076282720509199
1.0619950377312635
1.0535088066203477
1.0793863495176752
1.0772314990642162
1.06671799409385
1.0718535175201307
1.0803429792923498
1.090661333103541
1.0539612132003735
1.0741476338984557
1.075408045816837
1.1013606256411452
1.0745714271684284
1.0748893394692267
1.0566240577679937
1.0708474923695612
1.0392385282063876
1.069411621531258
1.0568531427650436
1.0896406176564373
1.0559615983841
1.03455114632332
1.0738078313876687
1.0408986764012313
1.0433718277372466
1.0866875042127413
1.0583353307687569
1.033482863811789
1.050428765774597
1.0633555243980697
1.0713037021192562
1.0736254039393658
1.0800190192094428
1.091430335186231
1.0999862623328853
1.0825680282158878
1.0750760172023752
1.0472828121857982
1.0440686563415025
1.0764029721343045
1.0937743992522715
1.0710846717019114
1.0704580969785724
1.0493995965356808
1.0414804374182638
1.058880004555921
1.07394009814403
1.0622241732915154
1.0807910398276226
1.0740010210429731
1.0505660303465674
1.0816832278310817
1.061783875868346
1.0586823204336093
1.075103054615225
1.0889573097183591
1.0635967432792286
1.0592065045910264
1.064839371535154
1.074688827775781
1.0594997448987533
1.0904693531330314
1.0632907586704503
1.0732374126549875
1.0696145841551743
1.060232008818764
1.0466870792327394
1.0487983875913995
1.0653949481194898
1.077342443307282
1.1005681642949172
1.074894386963425
1.0900974761290203
1.026666881633104
1.064222766232183
1.0733870435227373
1.0842152236289175
1.067739598776283
1.0627470399188552
1.0677990807187712
1.0641193744436104
1.0488316097669614
1.0847833999834242
1.0645077108964702
1.0798991688620174
1.0535206914617952
1.0756719061263693
1.0696558951859587
1.0812298988983677
1.091311353910517
1.0689637087827482
1.0945904530369184
1.0648333494866251
1.080561962122588
1.0795897908533898
1.0793597860115778
1.076074521566474
1.084020551990179
1.0614591850018695
1.0863984657238634
1.0698083034051193
1.0789294602760882
1.092084753165908
1.1099436442773
1.0804650950440777
1.0627505290928703
1.0735503969282987
1.0820893040548367
1.063403702043724
1.0490140831105603
1.071081867999065
1.0782602492293918
1.0599686149220098
1.0884819511849682
1.0791749688685828
1.0687132081360569
1.0599217668571888
1.031488299832337
1.0549743713336979
1.0725844116371894
1.0592138193910152
1.0920444730768568
1.0700553514698
1.061215755657341
1.0629731543560852
1.0791260439136479
1.0482870147478052
1.0390804442099504
1.0422062430740051
1.055559728052016
1.0750530217523206
1.0825463550036054
1.0668983922599982
1.0809977756826392
1.0616152714962408
1.0900006657812111
1.0604861548730955
1.0747607696384471
1.0696433705677382
1.0748211264420156
1.0684977498374342
1.0223921866969596
1.0555142287394637
1.0717653713367699
1.0501043918121182
1.0894358160710573
1.0717204354402565
1.0566655394047186
1.085131666367074
1.0633893141417845
1.0613825472122482
1.0758576377363507
1.0491294550906625
1.0747939483482232
1.093073542974509
1.0992143829155943
1.0482744935251906
1.0626475643515052
1.0491004331515212
1.0490772985729517
1.0597670903194523
1.0729710804996835
1.083495700978136
1.0684055133309007
1.0677551396683425
1.0460669802795266
1.0630642135695911
1.0812755502522373
1.0769289140047569
1.0888732365551814
1.0751548697174147
1.0917653077996996
1.0728777366116415
1.0328036297713743
1.041797814846689
1.076254188137498
1.0924635100261026
1.060116232172062
1.0378627555380389
1.066756482304746
1.0565243913912983
1.0662375731415177
1.0932958263008397
1.0782978175146514
1.0805455712522019
1.086141894808886
1.0902029737802885
1.0614741415084121
1.0501544248173194
1.0674161161531028
1.0773483778681727
1.0914038583183063
1.103106098248095
1.0873283094205044
1.0933193105431578
1.0679696753568717
1.0598339776524317
1.0831863635339114
1.083147545142458
1.077124300017212
1.0595244664477077
1.0866161275132977
1.1169053819999792
1.081704215757583
1.0757290342977381
1.0663806060144103
1.0681740374764492
1.058613859408861
1.0448836979839997
1.0457056912543363
1.0699406605187656
1.0639251313087508
1.0698219633850579
1.0739047078259485
1.0699058472563734
1.096869908594224
1.0953542596163042
1.0920807145587816
1.0967484710536133
1.0807339714115574
1.090760469890676
1.0663288519740086
1.0770262949497988
1.1099385338374954
1.086067782658303
1.0492683273210888
1.050793193605714
1.055662569473211
1.0780886026895544
1.063515157804974
1.0914069533405213
1.0505132110512982
1.0430228028275748
1.0513918291670055
1.0487287628905109
1.0782297319086522
1.0813375854062952
1.119015885164284
1.0802965834869336
1.0694415110413742
1.1008322239986144
1.0805185289332244
1.0616742015228928
1.0790649928802243
1.083969291094928
1.0654568412374559
1.094662473925285
1.0701197572873302
1.059019416048551
1.0846634456848778
1.1012992161451227
1.0710599505300455
1.058056335825286
1.0329481309223794
1.05222902707922
1.0532713400358544
1.0311633434272391
1.0645009608626401
1.0780720497446772
1.0766823732982163
1.0504279382079453
1.0865516265777315
1.0685349648185345
1.0505687177353902
1.0576358336370522
1.0853272184160012
1.0595385996761018
1.0811923758149888
1.0756237622641733
1.0754561492796233
1.0603562650387908
1.0579361541003267
1.0760716694724872
1.0684227610288357
1.0320488328986812
1.0366824640711465
1.0655515523319627
1.0555106273816348
1.0831116774940694
1.065285524572253
1.101657492086131
1.1085942253909122
1.074874078774899
1.0345445375397309
1.0522703805706717
1.0481660889034834
1.0487536902804322
1.0588364489407793
1.0768924520569603
1.0896640455566868
1.0988646543650138
1.059122875201442
1.0346213785609184
1.0406754744083693
1.059401993680131
1.0510053216618556
1.05847640695502
1.055100718973087
1.0668792647283922
1.0403560535606033
1.045862764517486
1.0856858737030701
1.0833702510049115
1.0639823542972988
1.0342172568463912
1.0667324566956622
1.0704520998139164
1.0834021913594138
1.0639852457279562
1.0789370589275973
1.0806335706528205
1.0787234764047289
1.0748792216048377
1.061658621883837
1.0822036863894309
1.0841206256896625
1.0946955436400767
1.075610511338097
1.0466219073153293
1.0658008564519015
1.0524530747934409
1.0657119562847752
1.0469865592945298
1.0824460242524556
1.0640816353739502
1.0749775830477992
1.0559387006683734
1.0635627024918575
1.059240764859565
1.0819497496264294
1.0597902746200039
1.0798612656292181
1.039279740489485
1.0570033083997505
1.0883754963631032
1.055173483100683
1.0720215019105408
1.0500986390526599
1.0792057868329552
1.077992333452558
1.0629406640572603
1.0528174042804683
1.0487400210054387
1.0288593206403471
1.0564883501927178
1.0406162474159546
1.0744907966563053
1.0576921020736683
1.0918567627149809
1.0993634872628641
1.0764029662853871
1.0686956212536503
1.0527429568216338
1.0683569761099299
1.0534311925614201
1.084647508397492
1.1148714116203897
1.092585253438686
1.0862127151797214
1.093369339440197
1.0601639615692766
1.06680636655743
1.0603284532676884
1.065244808750917
1.078136514305298
1.0637658944384505
1.068604172002413
1.0693542061236938
1.0800245701183728
1.057340604735657
1.076375394168493
1.0669601332721332
1.046567348731132
1.0799062041201588
1.076008345778202
1.046704329269192
1.0360698905225307
1.06584466445737
1.0808675960139624
1.0588029973116722
1.0725680960100707
1.0839506265238996
1.0694785785144514
1.0827410680193066
1.0701756976463113
1.065456246158752
1.0602330464364298
1.0446904971197137
1.081452237050298
1.0743550974140468
1.06421871080554
1.0557518573753737
1.0748779513988695
1.0894555079254808
1.0937331001180692
1.062322441854665
1.0531142321382854
1.062601026809914
1.0686158434749682
1.0753394631541309
1.093494520465447
1.0814790956421605
1.0741530184222472
1.0471150401635245
1.070950511804983
1.0775126072122987
1.0693831792225175
1.0846804957837404
1.07569150598137
1.0901758288646919
1.054837646000286
1.0792118967166753
1.082712549341634
1.0445842579742726
1.0590847787303488
1.04910078295344
1.0226370177057784
1.0456275080470108
1.0586089704812687
1.0680319054284784
1.0808420969102122
1.0583099491785006
1.090008199876222
1.0696408012576748
1.0571716958659083
1.0737666794555663
1.0862692084653205
1.061365856415491
1.0533019031544382
1.0798877324740317
1.0809178319710382
1.059453555606524
1.0747694548313778
1.0386850486630301
1.0460944352611763
1.0826678162584875
1.0803734714849553
1.0639447671790594
1.0449762454739586
1.0720271431132216
1.094783207195031
1.0611783788370084
1.0142337744259975
1.048675296825813
1.0446114232480128
1.0627299683183193
1.0638999967091507
1.0692042523570136
1.0497460472868234
1.051279812434062
1.0211639720156862
1.0528780900903598
1.058686228267825
1.0742623331514336
1.0663115471463753
1.0819051912034816
1.0697818244583939
1.062871335869407
1.0694923404717833
1.0790161109862257
1.0636090722091642
1.0311662001802553
1.035961913930581
1.057021471727827
1.0797726311171956
1.104547922495073
1.0698658998919734
1.0634499726900524
1.0602576672495907
1.0681806846332396
1.0720187991008108
1.0730000500153842
1.0437165407133862
1.0645758073549436
1.0703728801702679
1.0561312668500022
1.0635045323447325
1.0642152930591424
1.0971376642626998
1.054824521347912
1.0405726949604197
1.0574907444006327
1.0637177384653242
1.0312115622724072
1.0606468384838537
1.0477740424844302
1.0724376778758975
1.0706726943305656
1.0503995822995393
1.0297080405478143
1.078399931220673
1.0487348943954997
1.0749670640894229
1.04519148517297
1.062371126464474
1.0499202761874584
1.0821659231230112
1.04979758218292
1.0261859678686984
1.0789250933362486
1.0826354203024622
1.057785049670594
1.053563532706991
1.0970660544816604
1.0735493156779576
1.0441126991141527
1.0731975866952774
1.082563252355108
1.1159487532123493
1.0499997641177075
1.0880857587909813
1.0880662286817109
1.0289241190020109
1.0414479896448863
1.1037894199844192
1.1015720911497446
1.0841701316902026
1.0913305722265814
1.0779512979955101
1.092279503941938
1.0675878193364399
1.0552866873227558
1.0875606235206683
1.0837405636850623
1.0721981743311673
1.0693120205846767
1.0613460640804366
1.060771284590549
1.0772285768406273
1.1099762450472912
1.060555125114729
1.074666140143038
1.0957506114692503
1.070898555626732
1.0911877033576232
1.0894231301616926
1.0788810394481323
1.0540425088870315
1.0624453969555518
1.0833113186151702
1.0681652747414596
1.0785561944625706
1.083434054424473
1.1020442083086404
1.0729926032755206
1.0804994635810794
1.0792906853552453
1.064749728691614
1.0643886240448692
1.071212078845409
1.0784546645508382
1.0739551338504227
1.061361273699438
1.0461253914197641
1.066983930516185
1.069665643463941
1.0936442503117163
1.0844402704363978
1.0680609103059258
1.075007299422276
1.0383120810432698
1.082053233478164
1.09994322868873
1.0870147786624442
1.0734825602782567
1.064202560402312
1.0310365634080476
1.0624886382941672
1.085175360986813
1.090184513932933
1.074599791920386
1.0670667441477868
1.0757137202090803
1.0477969451753975
1.0668374346133898
1.0761136702343965
1.0460309862987456
1.0392733037937165
1.066488343165579
1.0732727206924177
1.0774716044990549
1.0604065958453055
1.0434261055427738
1.0818818204716523
1.0622017874582985
1.0782439543778863
1.0569538347929563
1.0586566413035765
1.0611081678674006
1.083199002698698
1.048126988203428
1.0465392009903607
1.0568491993687046
1.0667716940040992
1.0916817072345713
1.0820316845802131
1.0625411837512537
1.0730845931932813
1.095492755649407
1.050063690985005
1.0895036221804761
1.0571357155491952
1.0491111292903756
1.0400888199898373
1.052237907360405
1.0549127508825262
1.0659079833882297
1.0702995182479775
1.089704725473954
1.0558630431560423
1.078091472720675
1.0824670363906166
1.1073230374219123
1.0659753165724033
1.0466813283737977
1.0659559247136796
1.0662768102606233
1.0375967343102757
1.0405927455389834
1.0403250972587232
1.0473826546736291
1.0710423560495965
1.0787300425492836
1.0465705330786914
1.050868328314876
1.0828439041004676
1.0666529498001893
1.0827842069785338
1.061295318373933
1.0694057268840007
1.0606681640518856
1.0427547799186168
1.0361009404159647
1.0536769044960927
1.044009712553767
1.0758285513593464
1.0565078068482268
1.0576278201594842
1.0534598975152802
1.0610977510073147
1.0601386874313785
1.0717188398842017
1.06988382431201
1.0770602473730404
1.0786255823792135
1.0671414230788827
1.0758344003514986
1.081378766383949
1.072522587261333
1.0836471983349163
1.0848991135743946
1.0642047573020323
1.0630818663963115
1.080651572636589
1.0864121549670454
1.0564758053274885
1.0784337414610436
1.0717501228698592
1.0866669295709768
1.0569543221365651
1.054184840629629
1.0853045273443738
1.0749884377676289
1.0792347506586493
1.0720926418346572
1.0973144854919714
1.0838438988290617
1.073923114434736
1.0632888775707432
1.0738844616590275
1.0735950464265196
1.0738137258657303
1.033236379833353
1.0610434912017468
1.0672809876786191
1.0543267415516313
1.0555495907524626
1.0578363415474583
1.0556873920227752
1.0476350332441298
1.0713664651236823
1.0436923540896588
1.0418621405749213
1.0482543442695385
1.0858176333698704
1.0745070482327033
1.067254996758499
1.0717242800906541
1.0488462030849341
1.0666261309279252
1.068899023344488
1.0592016958924486
1.0609314859914205
1.0498778297534301
1.0440052476777042
1.060103620115876
1.0591293099822787
1.0540991543690417
1.0784761441099104
1.0735276563678922
1.050811639578543
1.055469887250308
1.0659512753635574
1.0868289466245589
1.064236502926407
1.0449533083287401
1.0486415682340475
1.0701320934993341
1.093714611611145
1.0517920477652951
1.0644498223591163
1.0660697662677243
1.0822491745663065
1.0772350314980395
1.0498432769979105
1.076326837516078
1.0792029599192625
1.0337001615502628
1.0539165366778396
1.062109913510301
1.0625352894098177
1.0525964517939919
1.0548725060086876
1.0554429010422863
1.076542447606227
1.0527521497640684
1.0451210095793386
1.0438855310862736
1.0777597109271853
1.0902773864763313
1.0669848681511298
1.0763464260964257
1.0729676083156983
1.0729328359650885
1.0625883858523457
1.0526407058165832
1.0503833828820635
1.0702168639536702
1.0776357178253508
1.0708789590902454
1.094862960895447
1.066251523692352
1.093906642024553
1.087357543952887
1.096636194240483
1.0887521729499303
1.0784695647687679
1.0604696288267303
1.0685331815610815
1.060460167774185
1.0654516826737752
1.0794476523362058
1.0850660721143839
1.0573651787582805
1.0545959565050957
1.0467047542310444
1.0593396046798176
1.085061120351597
1.067119227394255
1.0498369483880607
1.024459362347362
1.0696040560085907
1.056919363262121
1.067994789381396
1.0909852791228256
1.0972342441443794
1.079877593788119
1.0598471734028456
1.0525530703684094
1.0185259504436732
1.0665890809439937
1.085770725458437
1.0904481235675538
1.0687138632946713
1.0595480073411485
1.0952020234692594
1.0861144072585014
1.0655135244747809
1.0680300895348787
1.0637240936588759
1.077791234747336
1.0275344233047892
1.0456718103374574
1.047663698289089
1.0536551336101547
1.0714006314724998
1.0837647436243152
1.058996401861288
1.0625963223323927
1.0907940804204237
1.0791457992901774
1.0578813743302404
1.0587564354358314
1.078551331873493
1.0614670835831799
1.0834517899765288
1.044295512197407
1.0780596184693423
1.0964925918944806
1.0659423764997413
1.0715033386460944
1.0599983556681287
1.0801653451327973
1.0645406982772874
1.083953349377521
1.0770494011617686
1.0855854224033215
1.082396214335327
1.0835101702054362
1.0815225625221847
1.0834846203380133
1.085393062530531
1.098415635029768
1.0717332502779422
1.080324629803209
1.080482754725128
1.0657661748954057
1.0722957106282733
1.061363128654756
1.0634643659504515
1.0477331009557016
1.0770725238972256
1.070845198377875
1.0688565265045074
1.0585192735963642
1.040657514167138
1.0510766753928147
1.0373123206699604
1.0322481101882168
1.033141624992192
1.058302926896533
1.0762990712716396
1.0748803224307721
1.0540009816567302
1.097887262665846
1.0844672443836256
1.0667070918003956
1.0585195344372136
1.0892582230315253
1.0826041255560954
1.0702169612420704
1.0833149045681603
1.041884280715652
1.0717105843695613
1.0772084280320091
1.0479006135223918
1.0561907245430355
1.0833015974744344
1.0812716042247021
1.0884736412140605
1.1172345349218875
1.1033763596416841
1.0712151949461466
1.0506919736907925
1.0632748382189001
1.0920280288428725
1.0798115547679659
1.0580364578986816
1.0661839750678612
1.0974498846747793
1.0582742510524823
1.0378468167488526
1.0858452422300542
1.0728491875799266
1.0670026768128404
1.0525340526857276
1.0546492281793451
1.0471490068554548
1.0647086077472954
1.0667856737921289
1.078089659656622
1.0515302004876688
1.0788838935179348
1.0858294882366355
1.0655318866821335
1.0684030468682972
1.037661495697831
1.0603168398306015
1.061100205092088
1.0748811631196096
1.087459636547302
1.0600900440577312
1.0544957192886832
1.060433075372557
1.0622104285758913
1.0552735788713157
1.0724238244262378
1.0302538992382426
1.0771309808273524
1.0549209292259907
1.0762299313484402
1.0746088790719657
1.0756709368515285
1.0789739961689342
1.065810922705564
1.0752343478421895
1.0478228352385526
1.0353839338553643
1.0735609441761682
1.0794662794703813
1.0832267111893743
1.076854702328825
1.0592807676983649
1.0718566739953588
1.0638375468752284
1.0414742890252249
1.0583663811910506
1.07842547066825
1.0673712040983152
1.073773141168573
1.1045680657236134
1.0711228428253403
1.0768205492157017
1.0615014041508783
1.0591699052481163
1.0739808463907603
1.0540058931386007
1.0715248170281146
1.053006203764081
1.055328064831695
1.0565273871866872
1.065218804136156
1.044031072710783
1.0617293702555926
1.058857915808969
1.0874196543723624
1.057923797441731
1.0675541619975037
1.092531434048728
1.06386614116682
1.048134698425348
1.0606470698567037
1.057198718893106
1.073351615651529
1.0830336722103548
1.0837434758158566
1.0875625751086986
1.0825150793156453
1.0488613095119146
1.0476892550948231
1.0559857467231908
1.07529011811265
1.0610927192162607
1.0714476525637529
1.0427296707148443
1.0375500419634263
1.0476865736163472
1.0662701576402387
1.0704478811488625
1.0750368795847027
1.0766081962608456
1.0709605092336114
1.0717697754284887
1.0777062465047489
1.0899680870011548
1.0941502421625184
1.075593620986113
1.0784898097199789
1.049288590017854
1.0679055010540974
1.0593100862320306
1.0707516770969354
1.0606037901190708
1.0765011622275342
1.0873401253940176
1.0852998805891476
1.0881839164215557
1.0781508329831697
1.0556696931638172
1.0527705498351125
1.0730371595459176
1.0714117933056704
1.0406195509353233
1.0934624057742333
1.0710758412421437
1.0657090630716448
1.0857181307886046
1.0685656293338628
1.0892025428705956
1.0789833910973052
1.055606864884645
1.0679123954471035
1.075069783107142
1.0697770530216135
1.044225723955277
1.084335882308623
1.064580421058344
1.06125189726565
1.0431302781426923
1.047468270712325
1.04910880479865
1.073814441403345
1.0577160765019662
1.0637151184245248
1.0184792763682229
1.0521989578968405
1.0892050882676203
1.087887206865865
1.0596110856551617
1.0457863036533988
1.067289075417768
1.0711702962272147
1.0447419934514144
1.057336427464094
1.0703251737493116
1.0459272790627374
1.0272617054087465
1.0645797618945927
1.0643288136468818
1.0762273238742595
1.066686930912777
1.1007948799894847
1.0853200486336216
1.0399333551163519
1.0618908947013836
1.0491720692337254
1.0755030818826625
1.0694807934362907
1.0659243569813999
1.0523531813766518
1.070077027323314
1.0869705842882877
1.0934819007879664
1.1010627758802063
1.0862554503260011
1.051469554957917
1.08618744551999
1.0772713795902642
1.071476104633377
1.0902839949000043
1.0695604625403177
1.050332900363782
1.084248347649483
1.0837082062571426
1.0673936413556944
1.06387694064587
1.0591763699071437
1.0118728085626787
1.068942660233923
1.077211051949053
1.0682430491184278
1.08425370926047
1.0540024052114867
1.0416194874275329
1.0765853953524382
1.0558669626578574
1.0672330877175031
1.0462137140954813
1.068183952816958
1.0611104951893968
1.0568120680826816
1.0397928671510075
1.0629534487294154
1.0427765188463842
1.0605875336808794
1.0471077779664402
1.0396140056004932
1.0730014372253176
1.0527555680074452
1.0590698205062632
1.0936030834806552
1.0718972712413075
1.040419204577392
1.0483630279775966
1.0442391914909268
1.0653402700149885
1.0864797056752413
1.0820901617501657
1.0818916538665673
1.056019246485735
1.1204143421805726
1.091359427492785
1.0769160296580136
1.048139399819579
1.0564406919619032
1.06828358474585
1.0591516426449237
1.1047083776373703
1.068881828277091
1.0297890302933597
1.0481130789002528
1.0469291003824097
1.0277023738213327
1.0601824580975825
1.063475371310802
1.080328754195174
1.0670880384556571
1.0566070025363707
1.087929364217331
1.1061222902842056
1.0882752857155542
1.0799353035335646
1.065752960369225
1.037907611091809
1.0390535019057623
1.0505890327409824
1.0864031379386823
1.0743276457217168
1.071767102648954
1.0637005680431406
1.0535871361534046
1.0698443880668258
1.0681428724584228
1.078139654061717
1.0854781061617187
1.0617743572494933
1.0684270329573602
1.0387789584057245
1.077426282593525
1.0889502459932836
1.0816712397700015
1.089186614238392
1.0689341721258188
1.074717772486156
1.069724131965398
1.109339369849633
1.0731856552288714
1.0580501118276722
1.072804339503473
1.0464646742006012
1.0671914060308998
1.0610774503372886
1.0761387650810665
1.072122495079807
1.0976229800313695
1.0549456245687516
1.0699768645351464
1.080390007502545
1.0737793840421117
1.076661150667441
1.061885645148551
1.066789415278693
1.0703917251603468
1.0470308174841818
1.0435254599105297
1.0679577547858237
1.0860554066657002
1.1058212573861723
1.0586790135608302
1.0693289023179702
1.0753981618783195
1.0916771210169363
1.0625397944597625
1.0809829670291087
1.0950918855686587
1.0624860546880657
1.0754389673623617
1.0727672870217917
1.0896538932274416
1.082383276842263
1.0757341873139128
1.1156403257259127
1.0781294583771008
1.087996589489479
1.0767223880778978
1.0539934877895307
1.052059452438038
1.0465057335223635
1.0660555894463062
1.0721048025359765
1.0763597096908981
1.067006759644711
1.0944630603221472
1.0523936854070244
1.0778169484638322
1.0710578629579022
1.0678536905152
1.0627367579065758
1.0840528139864305
1.0975456713398961
1.0768974299621599
1.0726622543610564
1.0630791656360672
1.0710891884870983
1.0768334904930124
1.0520186523144421
1.0533079288534872
1.0659475331711423
1.079949873607309
1.0664447232842476
1.0726106842590821
1.0674998165205978
1.0845077993905017
1.0706308519754002
1.0297260505109616
1.0567188014539937
1.0479186481118563
1.0707143997126283
1.0610894377334799
1.0623671098063219
1.0705719897001287
1.0540112276269016
1.0712503299709224
1.0723500370947354
1.069528104827339
1.0771866886384864
1.066887311391402
1.0545100933519507
1.0630231444260103
1.0570571468216243
1.0679866414679218
1.0600703920721175
1.0773560378131273
1.0591164025466426
1.0738092642970036
1.0721474257536368
1.0575713142523864
1.0428203103402343
1.0670560107188611
1.0541854483417101
1.0747718103852149
1.0579318999832799
1.0659190030122088
1.0518803730760504
1.076995785041436
1.0692592358988895
1.093218323637817
1.0749530360051498
1.0725777439643898
1.0654248085875677
1.0734539573672746
1.075064670757954
1.082935707560106
1.0634585333348268
1.0635949093497479
1.071523473545461
1.0813416493977512
1.0477737102047158
1.0579186998112704
1.0559989121321933
1.046667634708112
1.0542444457680968
