-150.8219541943815
-188.43621146886528
-164.08135100263308
-138.69084829425586
-153.02967043194846
-169.76073249895256
-167.3463401843721
-164.42492460648427
-179.88779278707653
-203.4828749477123
-227.12288079393056
-254.27454589120782
-277.8970511824905
-286.4887373655527
-282.3977968765406
-270.4128664785545
-272.1790903018679
-269.9979661916875
-263.9342003387091
-263.3681854151696
4710.536387943932
4286.974511086044
4563.548694558629
1487263075.9787195
379367850366.393
283234008303309.1
808138601539.6663
2341953989188.334
2257120553753.9673
214461272975352.06
839592139219.9486
10202756611221352
1545848466924273e4
6889282801917.558
976534101673.6302
9380929613174.797
6271676569479708
227604516017841e3
732224367514.7678
2229540266086.3955
693802554201.9808
34072609404.63408
32788698030591100
4185061670146.9697
150490289621.50928
43683933414959060
590224660295880
1083714550902.4359
60342196898638.48
40800748255455.82
9336856817523097e6
1143839771087.327
70439148431458.69
17927597999140.28
282363200560260.25
15427747639980.168
8493237032725.615
1016826730084.81
2410901640632.581
753701441301830.6
34179809884627554e3
9270069308465.318
694274257619330.2
139693718850560.98
48144927861735.41
328333461631156.4
992670661573.1548
4068690171.8653274
1382955057501.39
195943425681.7339
989466069562464.1
3656319663264.8726
164570510666638.8
151094701070.67136
135115297196601.92
3218430427081591
56616261722004.86
14118039033845.867
1956767951548.939
727496538161660.5
1749090636296.6367
58803914080585564e3
18990097560181864
10590929629181302e8
445071307599.10785
513796166007807
4989286271890983e4
1065100035903.2699
5375656668501055
8159725513281.492
14112222795253.645
13400388057397420
19735965143226.22
14361861482065.45
16914827311318258e3
507908811611385
6007972362949376e4
292008322019131.44
4978756812341.1045
75371104889085250
28452668641656.19
53931675786839.69
34948814630414204
37911568111644500
16001261978155.533
2856490587319277.5
1793502643594813.2
175565324596069.75
3452733678255104e4
3507635473706.463
52375620754115.26
24640065732285.395
663911322107207.4
2001046018872386.8
767235341693.8802
44933985183604.64
108925958057598.94
467527424196622.5
1641245136423725
8378081912140888
8607751027512.701
205289995219218.4
4288534601764824e5
3107804863393.0127
130991046370872.02
40781526602819.31
84157103163.9097
12684505512252904
1854303591020925
738852620692.4117
4087853073530222.5
5328262172417.618
5545392690928.701
260456008667.60217
26374855169533.406
907235864096408700
5349966050594.735
2686700635773883
3233405838944.2188
362896095858170.5
137351614140.11435
3620045460213.0415
42563485341840.78
3064419624073065
90683776042.43692
8441147447899.091
4113033081113436.5
104558715625.20749
47118521692.05277
3955481960358.9014
55903484998928.09
230293692581955.06
10510729767595468
22446498422451.04
2348403955212.3145
195883921139439.28
1271015847244.755
148375666894841.88
3358394603398.9155
13637744598942.613
2510055185315321
420606156100950400
1903647571928324.5
3041641758330.6787
10836644051827.906
33854386735178326e3
7214111211006.378
148333394130654.44
3739859705727.1416
166057970187.57416
24565537390210.23
2025668748592.0334
65696854444836.03
370333855938609
6902593078385295
65044155171459.19
188422241038.46936
335030810809.16846
120311673469.0021
2238746300756792300
45445576574239.01
658159464898.9375
17666122118332334
353311341620.7025
449797105581.93054
431642446778550.94
680912986120288
3054025831874408
69907917825098.18
17489867000416.203
255032410370523.44
29645791616166.41
58516132170427.31
20567463656659.324
14729900527198.977
2807455337096.3022
15044408972069688
939236460558.9227
5494064382212.777
611098378759.2903
2268441706411150
169314902226.10135
8887765962973.203
1500559965555.7864
2220434944701.1387
2740883220277966.5
420924989298.79395
559079780840.5492
4849338812948.996
5578834711747.402
2118252699967.5454
967819773794.2471
1004860116295251.9
66772257723828.18
12510320006056.027
309895890824766.25
5203612586801.791
5055731371659.973
2618566785828.177
73771104971.82172
406207264608.7482
388490723405.3672
22453493225270.492
31606592158519.133
1225870771037.983
6130732888651540
913193274059.1978
4756053808771857
4472713636403.345
189829084621494.56
73627394544456430
3653063492046424e3
545791425249.4853
11399323991076295e3
105543150118754.86
1883602381200.731
6411286904933.022
961514100005.4878
27172062573200664
41916208211386.51
15930547842294.451
1555793062350.6204
1332021203177.265
38830605477161.03
10196869032189874
76702417571245.11
48262070435318.84
78500104707.75006
28820211348108.832
4567028370389.657
3315828105120786e7
38132103866.89599
3220664339481.3345
51083021701937.07
1247548355541.1143
8314524825974345e4
2803167290168.941
202405118658617.4
6390662542328524e4
82395805448692.39
54580479320175.44
4874363476598.604
132294393582110.86
240208360323274.9
3135758154119917
327031772103188.8
332917994943728.1
129844243078124.05
96269255099171060
465763153487.5156
13966852246511.33
66766996908970.91
1041028813568321800
4539984076832181
5486580935555195e6
26362081585067.113
280063586364430.62
16115215330.495867
48097617114361180
312198029862729600
443293386472602.8
21355610873713.86
1417992834143621e3
87359175355108600
932291458781.6001
4985239172208.689
2651451903143.1274
132562781356830.28
2530095211136834
159276324732.6987
80473059310079.78
3439106287760175e3
512494585532.6154
12084654433319.645
129839837127.92494
2553607279690.299
5679406208656.811
31637059362476496
205181604865.3651
5657422812501362e4
4409501389663689
1656601824897.1904
20609189477992.93
781733128958.1066
14719861035127.055
150007467710650.25
23055716993429.11
1497849890185851
36378418283747.41
592400490556202.2
192295768298195.75
818643937614.4415
605786507179825400
708164563192363.6
101552305677.66566
2651438919099.6875
52985547014675.164
486553757595.6917
2298706897484603
35219153415491.65
27719079656558.17
3583637296732.3906
4933840224724.944
4835619809143.524
60277404479905.64
1383360847607029.5
178141551776482.62
10144170076355.521
78796059111978580
39392939252649.55
3966909045887.91
7136306424790.08
1701979420666348.5
13173431717634.629
150797354557593.4
13334354738978252
45873900011.40982
2442590718439226.5
721480012809058.5
3569527007159991
10895074603435.676
5399638791204482e4
96476714971839.75
753901351768.6766
2622436194395.0454
30401922243419950
2381253328184.9033
58970291107072980
379021896475.13745
358867813389.1045
74207913082157.02
149185579333012400
538972643957498.9
657558712322887.4
599262410923.7815
4821223135942.053
1466387316058041e4
43479427598053.42
745562025654488.6
1469304730499.9028
264421429831.6634
100423899197462700
76101457610.86661
78631485854330.31
3457868576273123
4191216493857284
419030503823232.4
2514799460218973.5
5250755623450.726
881187728370772.1
112472323013.459
756433048670.1216
23593759862426.25
569244133005.2328
38289124911402.42
5553646832271.39
677906793911.2849
122231422359933.78
5464907017252.357
25274026447805.05
43021387663652.16
3590932823397.059
1290604603385.1165
37501572186016.11
109413952383.16086
10986773674684.664
154629839741.99545
2424549535795.521
7805171320806077e3
772219391973.3857
110969055282.38039
274975082733047
726504900281.5645
65834339478.06485
27981596675402.58
260789654905.01025
491650386583219.9
25462891776080.61
2063224772827.8967
313896477783870.7
801435049137393.1
17357061162765218
134468013372.97987
46161688700743.27
2926816686652924400
17043702623462.076
3738825084773171
1049729129358.5432
37648026614316.086
13685776802887.082
239987765083338.12
546275897526377.1
25069594288143.402
92670851784697.9
6509613695478.859
148279301787196.75
20221690703669.58
1939226346935.1782
2143982389818.829
8652091965642.01
36821156419521.89
32650418596437.184
537864695318.82385
3933425582816.4766
123219798553.70755
2648752930834285
2977555760014476
2801471497378379
1334443093379593
20500241652670012
6136601861245341
3838261089205920
1136203706427128.5
2589341360497891300
6640965088225.877
1494366224154.25
30175306186030.883
71703323461.98178
35809287625559.45
93417597033621.66
2933452141144.543
1671297040511675.2
1171905585357528.5
33045140550462230
523764558887194.75
17453955309085747e4
653211478596.9971
17826729278330.79
39777659691942.87
105311945226456.66
112129839729.25394
103999213958.58582
1379453746083327
836554169752063.2
21280397592468.035
3732042051701642
589554732021089500
1989094401435321.5
1338525017308.6099
26710906937101810
475311973707731300
209909778216479.44
500998290584811.5
19854802655093.52
7066818276623487
627354085519.1934
154766351699195.88
72523003650294.6
13697588641851756e4
91609126834198.69
2433559666618269.5
3909795432309155300
553702590530131.25
1374822735963965e6
567712988936933.8
27740778882130.258
3085541855769.951
183967840519.87283
48504336831918.266
354456578935257540
1768009414685754.5
2173588975019114.5
222318852815910.88
293763219150564.25
476604658607507.6
12472617463117.96
4275409261088.1885
1544080654575.191
121728533330.00737
6681666955395176
92894391009010.19
57877347293918.42
1035995894582.3809
13245678732399.78
73183805513011.77
12128881987303.26
684694183256.9612
532919705072.7334
1121937623781.0244
6644981261104.352
13904976733951.605
1338803130587.967
416322462150.13654
143445110794583.62
183352750864832.12
7015872690360375
59206210979732.34
121409317159260.69
545101624707059.56
2262979512037.343
40045269698938.33
4812509441446.882
17012464445209026
222743177195.80048
6241230855084.937
3959881583614.509
286416258826152.44
324636243427265.75
947286995754.1808
266775720597.84457
8061863193045.777
14678918426907.541
2008321817864.6284
45340254179.46488
3164961068823.5044
232213807956602.56
4651074565958952
2400947121295543.5
22555925052512520
9201662547558.73
678140985574215200
841618486651.6403
1436585917256466
5823761583728.859
594305183811.8136
1965027383992.4082
2187209805442.18
1905851571454.1458
32003177128440.984
18092341719268930
35213213428982.484
8907626196897472
26624874747523700
2265012379440.886
2695127744438.417
26006424913022.99
13262603739461.68
18530717404142.816
34465039840439.266
91011033523.6971
179608527380.31113
1375777016005604e4
16065557885.20054
1054394429756262.2
93561773099826600
690680676344.1636
3903485454716182e3
1209159352009.0532
580206752694.8619
46445467858980.45
122356960510.98445
10289953512028.334
78540109331.21034
426997790415727.1
60711798055647.06
115697580793693.1
29165460795831.08
2566497074504.972
190557941671.37332
83256606690035.53
2998856091538.7607
14222172800326.984
1604640713494.0435
6792182427250.881
2171960008659.5083
781925153684456e5
106080467326.69098
758288387327.1133
423373882970985500
653251779564.3341
875315372306291.5
270701294173.52078
425900850221226
1401604921076.1091
7892547403761.521
107508878539537.88
133387620523012.84
13683677802445924e4
30568742047772.098
85098175059717.88
781643579799963.1
1323247922730305
988279881489.9736
196659973609.22003
9460984272525.275
593907434732.1504
26130183641106136
2585387279666.1445
337704174606762400
57443801381.80368
109389404953.12407
1799127788060.7305
19605975779655336
3410068391641934.5
216595932328551.94
155024631675607.53
2367276367483.56
232593642646.51868
910369545641.2073
187450076084455.94
1588229868955.6504
1177617449255423.8
57182077943042.7
51546119486488.47
230614854680616.94
2745509637015.943
40437024314987.95
789370536608.9708
2541937444554736
87195714457854.42
861076120924.9988
79172534010096.86
318231528543.0487
21708432797335388
85505845667679.84
17599251773711.613
13949613883348.896
5940732442956.329
7228973580259974
929537488881825800
15198351358269.312
4570228513745.321
1468136486677226.8
127770266081003.05
95103537825546.56
31606625654605.324
13862174355952.139
178820126964329.16
1600222251667.2766
4104995770457.882
79527311820959.2
200595366581760.06
5279537710467.719
18425197742362.52
29545924136785.562
952798434465.5011
1736061989018.6116
1210024036369.7903
688907307126.3577
4212223206771.315
57125456654262290
239849632879.9399
66260330931053.3
6739033340154.244
2300073611598300.5
6391456947583.391
82082561947283.16
22459137121511310
2116734628214197800
142684869027.84268
173301732717802.7
542817826660.2007
9806722327883.934
186238323524897.44
36827602997763.86
192730027195.07693
421295362882.81287
256800849785.50574
5008405156230.043
204842215270620.6
111301198812501.12
233956522711507
2900591145093.8003
2564093593175147.5
11347376128350.033
103232384095.60776
228991363530288900
51548060530.61282
253448793902643.4
193912943351951
4500972876667.224
122189239649361800
26454650961510.93
204224682683815.8
824537575318.7881
515808007773818.6
25545596150119.953
96225658817358050
12519996015188.945
5057401730380.888
302886544277777.6
5056237443984.221
38652936650113976
408433401627792.25
89684678890258500
53315957878456.25
28783430846543610
1287917384523.4507
899503873732.9944
255420664043.77805
756730743105449.5
485189716536.34143
13205696155240.453
27717362912.631073
1060015469860.6726
901111178532.7369
1493243624727205.5
71261429732528.64
132276845227997.88
58153675849.44864
219658109371.47604
125034150265980.19
98589440563.76207
12392082280499264
750672261974.0981
1324692393871.764
25214461201793.51
3423312984387.1567
81680018372490940
22579644481189.01
113532693917.00323
42918051236.49718
65953189699.63276
4611912506090861e3
4584592300487.486
81659304251.5079
243312916016106880
143493575618395.6
83549701985271620
49360709278115.81
580652142751.8414
231966182205.6333
86063036942411340
585179112458820.6
1497433553425133600
453936803625476860
761433962054168.4
64526266646363.67
1132670315811.857
2710241322219923
80608628343839.62
6894340022744.262
39551597341.21328
228876680106.2581
1167104288485374e4
497304544424679.5
5909064922597324e7
16060036077403820
4891188256129712
16164874302299.95
808638171507009.5
4529360097721.98
3747838188010076.5
49883860485235940
20732566726.170208
330601444488883.25
9478293842823119e3
449578334130.0987
3950330933778.7275
8931242246445.65
227824158635027.53
9053158519366.389
79662501368357.62
3002480398310.236
15032858992270.467
256107288076.70532
19433126337391.06
123932212421739140
50763112297846350
6720806385479.82
199719662184126.22
351741497086812.44
32479755720211.54
12268817065806.309
25909960398.453217
676657729910.5625
21656614917937.11
2276587210909341e3
2959343612781.1006
156746437990.83112
846142945481025.1
40980599839008.625
3222915004291989
605799354243.5106
42357271860714.51
34392841659454244
52708364679900.21
6688334105306786
3334493380225.7974
63274616558573930
5149217329403090
4763149702193.963
165554972579136350
20930537587.416718
73118472006313.45
8702286317834.297
22713016058460.914
15394240828264.09
812780603135.1539
67517911825857150
78434698409443.31
17483008393533.316
468132822364.49866
15320994241606.303
4184863535027.128
1217014568549467
53680280886569.414
36098563516899.09
143325695295.6576
17136020764942.365
52701326481128.65
1412173750547256.2
31273058086138.703
438873653155712700
1094969264893.9712
659864975380.9001
53612138115272.92
820083537806.6417
15069175039915.904
125479468178.32149
157019488109017.88
196496574768834.8
182033803342377250
255537828726.3805
17141434625438587e4
820945576795463.8
16229564339.867897
522451453979.17926
1464330744224581
113127333391757.9
1522307639091.206
8794486795930998e4
727590197531.6045
327688882075192500
34085246482971.742
35406135203950988
1510735014377.2573
68726589312662.3
212171751739329.53
128180922111921.47
1808962933805.1445
29064677563737.96
2665616681143217.5
230450306746113.2
26139599366878630
75262866231173.73
26831987260777095e3
5000989553512.535
137821168239782.06
3692281075157.201
3863946915887.88
433326700016.48474
114123600594611.42
762839094759.5708
6684394018210676e4
178245457255.12775
24233653605474990
22874348402499.29
60832258438328.25
7315356531077.047
530187412595551.8
3154005921745557e4
425885922066.9826
22981936672085.555
863066534036.018
35504434706112.52
1242700861410.5796
9317350302348.473
727292555204751.5
5987966994069002
1251069796715.2534
42613366709783.27
3304086872492106.5
5691324907141.398
1974859000195791e3
6919715145011691
14824205560787118
14338895004740452
7960311972007583e5
962428194743287.4
372707241980444.25
111616227998399.4
7530778542347.863
7462821639686087e3
24962437733557830
1024239151001.4487
5974651489153.674
7307124982794.484
2135115570744.0708
8047337417243.167
1559495946792.474
597152470334.8807
2236916236784839.8
18951089783104.9
451325887710805.94
100262498275847
1046796529943343500
130627310056.55597
105444493789.78912
74938454779744350
11494272543401.52
78604370875098.33
26711222161216.11
478662845836.1627
43196266921.257706
7634887388959961
48269366787885624
1052481308865.1582
9337254234950.404
381389154135734.1
31945682529.449097
921840010575.238
3380433402630367
749496987302671.5
30425863640987.2
621076330558276.1
5256218396346470
752899239427.3828
12865159077.459253
45472149666153.555
808489771928.2031
22502664673048444
133525890196.86038
8079740269578496e4
10399152726781.795
11287453942065.363
2350666151990.723
18927248737173.836
133511036125861.44
1041363306496.463
28789867775478856
1147341574054.531
2497970248364.8955
37023928158005.266
673668734612243.4
160068955903868.8
1298557146350051.5
214505959126094560
75475562982127800
5601014179551934
13408713637673163e3
3614307853006205
491977066683.00916
43516626517600.3
667461578070.2339
677135745031.3416
403684057768.02203
546132951882281.8
105603333364.90504
176380684968941.34
683503794900.0735
8401360666976.01
1417247983258449.8
3126505526518.9116
550562690585310100
8012268310755632
88594270457636.9
362799958376784640
45922373343118.28
1008356679970.6327
425787928409.6235
18426615358617.094
2224168552104.259
136051042303430.94
77416834586681.53
84196512911.26965
883446248424.1069
1088298109550.2285
4851003805703.686
11664795886614366e3
220744935022.32498
3129328706491.5737
186704584145799.38
59719030712.229996
102509859644.71147
691370996966.1221
121596892577939.22
49131891292373.734
7287481074012201
147670381222785.56
1067925530141.9786
793673331235279.6
1310709107494.441
248810948560.98126
24419594750278856
1918873468348.8928
239582394065166.06
66124302344783260
2706808279814.81
3367798307833.742
33852133713.313522
11631633035042.035
2472227766489913.5
851928547855.3169
6742204337311014
74298675430.50098
16088614675794652
62767441563794260
3646434019978.988
210116576559950.3
1204231230061864.5
1121813394511045.1
1383449420193.6191
123383607369272.28
82532260993712830
22429437806502.195
169873223570.12378
685098959211.0698
3788586878291.426
832961794368.3787
24185973993665270
22172698418774.023
177284045668558.94
67363884574082860
308920025070.4424
17817720144766444
5792472292287.518
1245502457068620.2
5607746786696.66
1172431116838764.5
52554798263732.16
71536218033041.44
1116133895002.8982
476482806925.0282
72213708830836.36
1404853185982500.2
33936345035.267235
6126634214169190
38269475095.61146
7853309555825.169
49326750863350690
394169092440.05945
43404502977507040
147480856421140.94
166764547106398.06
3200204421809.661
3904854157152.078
144890119353586.53
1348098896214231
6561369239458829
81584048252437.11
27127592940212.145
832330233142.6417
325291605072.2005
1218203602278.5708
954856944774775300
11204264868225.484
65831046281.33363
5488332734700151e3
7120266934650.211
246039851228.91116
4998436537191948e3
97950134795.10345
330444684635.47754
2007776043788.2542
75327579464.36426
132183711552.47311
11571471585348.908
7601477053373848
236793154510384.62
3410237998464243.5
5102931941792.885
2781893608573.1724
43330330199752260
3331039595797963
1344519583035629.5
10378138641933.77
202131628201840.56
17433585307.275753
42999168248.16357
414211679144.05835
33427626469210.72
7998828391148.5205
4349972569589.8745
1157413318068.2979
3063959576097.3745
483176192880.8133
118319506982793.16
4101834007463.8315
505363228580.29663
16173317469151.834
15543726914865.129
297984407015.60834
124870058060867.89
26968563753.86106
680108968011429500
1879982925467541.5
447976896701.277
666185975610.6841
1692208833038.2603
7234215585285785
139758395780014.84
741487055316583300
18995738485345420
57240419329002.63
107100671367.03265
108799116323.59348
936180642477.1436
2342473858846.0215
10364892070169.467
752467225614936.2
36534636415810904
14475788035225.95
979138044019.2487
271938195824.94464
99951720381593.95
509807184143078.2
846480398817.1019
71251075633449420
334966676784594.7
3230368103645.03
320032252666.2924
56155061199117.38
17378581775783.137
1514242689436.2793
91694391180.6828
283713775068.47406
80913447449933.12
7091245076989.085
63147430806.10491
71497444363175.69
945842062681.8184
179692390054.4461
102329435917799.27
76555935230878.06
1910104552240798.5
174171012505735100
2388594970230.55
4154186149656.441
2986478747221510
2240300933065.837
1577088984158216.5
6471229431774529
30592104768812.047
25497290421536.438
96950828122796820
42358276872016.56
420759987297836.7
7662618869479704
1865703730130.1016
15445031219546.43
46891951675.047745
3042528645523.5264
309702662824308.2
256589934428.16068
22818914677797.3
2183356208699.767
4467336464467.577
9690014943908.086
116419511297.66837
1378546526854.6704
1541259212065525.2
1125243305153.9756
20836572555697.93
6302714002644.662
9326025955805.107
2914462333253612
8754865593903.393
124853524029760.34
349601022441.8755
4070252583152.0625
425217044583656600
17155025076584.148
1312779441916.6191
258614540261886.38
351982960930.91876
151924205583452.5
343132803416.53613
3056858372810.6235
2435205442664.588
13213154144432090
9303344347151308
218076162559818.28
31380741383616120
76769892200471.47
163496508514912.06
3810752806741.966
847408623894411.1
369983944145.72986
91599964009.7384
14215893789178.668
42655655809306.266
3046227508146.3535
39068989783916.35
1182517420230353400
2066209466941.597
27713419437762.977
59220924424879.66
966369315655154.5
53894850413.342926
630689831757713.1
65442391465535.28
99377046367.87537
248779057033826.9
39432012040362340
329108503822.83496
3118724361191870500
499552528485.8478
180365901025.9243
5025299544089.418
36413704672555600
62560448380353.31
21402656553248.348
246225699217.39624
188766948536084.22
5987085965104599
11526945998019.674
440834708533321.5
55058949824690080
4567518656226253
3670166698155485
4674622579386.993
3747389129909.3984
1028328794075871.4
6498023168607668
27864462416604.477
11555335096168.014
219517448350343.2
386412392769.3291
22613866350091030
2764452465131.9
1806324602083895.8
1007403741059453.5
930629457357.3632
20030997451288.613
13765005882481.838
1478387035051.9272
4338408919842.815
1838510181859228e3
15484208639.836567
29510101761210.24
5283768581719.661
1058058099622.6945
54316427321360.28
136789392021671.67
1840622879594.483
3810834436906.6797
2683966919537.3604
5067143043486.099
121586047052.56664
1436966664028.3176
27523826602397470
394716197030665
8602607452944052e5
4663253608165.535
4588645432337.395
8332388055441.732
108095451962942.45
606221677974526.8
16254886408405.791
7210647544895.799
9773419988041.604
5279553832046080
2774016884555462
2501419821489759
797116985415.2748
155682379706.25375
3707505425712258
1919777203210.2668
131571091636.25227
170023385539.06512
80859428239763.9
58358106991192.234
29443881119785.914
13401091713161624
56912554568231.47
35358434320572.64
4855125621779.056
54369380118457.484
9835956018290.95
166905196565.68304
1891915197555.6638
22298483473960730
9481476566378268
5010791536288934e4
797078542926037
272110759712.7503
29031862311000.074
1620243975390.189
1058436696090.5142
1319326242139381.8
77304194546266.22
1211603904952.3975
41108288825.663734
115369317650834660
25595089361636.996
11196743986750.037
2173669446770962.8
5486107323253.541
12516707949483.234
726063953751.2587
22454589362014773e3
1002922345454280.1
242904182664.45856
732086475567699.9
2260389203238.299
2773233742407899.5
1927389646433864.5
5633123826914718
210933622405438340
4354406615230.624
166625255007253.2
7021508782938.918
337121585333.44934
32758329589077.938
96778088992840.61
24746130736208.168
24124743147210.242
633378850637.2831
3362179743743456
647982790253244200
79475171479.2122
777221382977319.2
324250906308.8698
1015810612558.3445
1589594928643971.8
22466263284048.008
15972408711797.832
8721236685130.483
34243720078.545296
5323387674137.579
5177631470237855
319467783820014.25
26483667867856.234
1702357550410.4417
9414521606862912
5059635890111.419
21305046557020.14
6081968629837979e6
10192308046715.36
1068708336477.985
135206472674690.16
20851011596551604
676291506058.6383
15932586753365.586
41352190426284800
10794271424070.898
7074265176894021e3
3671855048711.2188
460194724911.9342
55286511462825.19
3212838868.8541107
13790254727908.531
58810209677327.72
188461625318568.25
6554293763564.792
7505922354492.922
58998401783158.984
17819234784215.812
393785643267718.5
47951509009916.72
5206966895771.875
869115176689.8896
51689663391.54759
6587287522903.853
17247242319591784
9852042705865.445
86983598289746.42
242773608788.9814
25605608782281180
1603177628525652.5
133334845895752.84
1419614940677.8228
15932960628147.344
1166404387927136.5
2073035491472737.2
424253492714259840
59920304235810275e3
2382376270029618
1373130627672.3618
842262308779.1503
20707056866297116
69710156365028.74
271434826919889.44
3553921456979.884
157524915555.10742
475984831131.96484
37698401431.04307
180692158107781.47
835082944114.4888
168736085518.69086
24102545756385.37
2712296663047.85
120046064246671
297644088589131.1
68513567630432.48
6224653947207294e3
1391694982651.2021
13749373518122.67
769115736834.581
1298455244703.3071
79089289124736.39
11679011551025.938
92178656316873.62
968592892420.3182
83924953905715420
2405534575106.574
6897146251956.124
41538423726.68187
22804822856794.445
1174992812426.1
38033732312525.586
7136991834544.439
119952793089265.47
6442502049067.061
252446653330.66367
140534273563.65292
209539315912300.03
1871906098059.054
593207196006.0442
1211709036382902
27023961789158376
309441715354.55316
772007674026637
90692830346738.95
79996737874929.97
5139098219551452
35698868448.025536
41244551097456610
331943106348.13983
18089644160831.535
181754290548414.2
960933027368.9631
5472350933003.506
147942844376709.88
55300286661.774506
44964640501542.23
24589254180222.164
50700821334047950
459754068262834.06
5555830901722.485
13421779001238.1
4188143507389.341
207053069048756.06
3604196900162.6553
1082620207079.0624
14697108049939175e3
11274632667717.713
300583677171.5085
1002546595713.6875
89337832470734780
262443427081762.9
11788443228889.959
208024811574046.7
754823868225.4745
3962028994373.8765
2777942652277.579
6205334951954047
61186336824817860
141219525456.1022
233831823315.86353
51606021201978.9
91308056185081.44
25960199985097.527
135374338417116030
142403620195.8546
21204003585464.848
248896978636.0755
27938266660559572
72792536619178480
3314843765034.1123
1660251081803.3823
170296720518.62454
1679614760315285.2
23288773663.450447
267764975430952.47
11569172638497060
41657741512143.766
1182574033283868.2
74486034207496.64
365678490917.58295
121783492854.44862
1394094506405.3013
13025854399180.586
5596723731385.422
1478067780754.9187
180115145396974.75
30973603342578.203
12052720601180.443
526725730970.50476
46318994007793130
114962706522422.67
12180528224.046019
440778210132104.4
1309864420154.3474
49298406852695.06
11728211150244.08
11072949299762.902
45068877488911.59
455048638250.80396
743565170838911100
654798678381.5682
1860715854105.957
920109025191570.2
1408837431978102800
2429460145647601
64762982085.25864
46829175805326170
2737735818952.7188
39580106203033.516
2713893305409155
5248417544444.682
3124673325107905
195312648221.20325
2158540666831.0818
3191377227445.9424
30429508638.24169
1049741459172336e6
11557729313127.293
265597398265070.38
8144690717782725
1361130382404.8857
5996358953533.971
22141385374463.082
38226982923573.12
110959102686999.72
2002147765485.1985
13283929945247.791
50216190668771170
473306357557.688
69972240166.34442
184341934589.97394
123751162878435.73
8744273107.084686
436640755692501.4
557013173589.0739
487717531738.2829
65044637360.47798
48910956082044.89
113169275815379920
3573035849267.437
503940701197.0593
202709618823271700
112094681625.71516
10637915867249494
401834945253440.25
61185484319.79211
1272125504306.275
1206116277230728.2
489119039522366.75
12834396349738.133
596535179608868
17062112201947.838
47253476809526.695
5879045256768.005
89197645096.78615
340372898614.8843
298304546579.2936
459743555801.56036
442653759207.51886
586131268991.4884
474778015772724.75
3174770961994677
676444329043.6827
14533629033486.441
2742609019299.433
39914051139.745804
376482401978.1177
230973250339324.28
5399649576156.848
29721649473403068
1469973824994032.2
483956518394019500
43117987965.18725
4463455874432316
2567920740346.998
3242417726647.992
18908174194369.83
712033830646.001
2440136383050.1333
1161743146220677
88642408428286.6
1806753978570.0254
77543545216.3484
385175129473.1677
2107581269536.429
519113648820.3879
6089373535413817e3
116856778887.7103
24527262926252.535
367788276229963.6
340671734077.5576
5550670230177.69
10089123599441.36
633293496141.4741
75148335822.5542
1062659454908235.4
310725472683.82275
2558543887185.302
7549826174520.406
10929444048051.887
412074687047.1316
11253616770994408
93530322586.47147
128909342058.44753
3001913381587465.5
231734473534388.8
875718875635.6201
4797605968900.922
73638635993349.36
1289263772535568
5288042083.8305435
9164739113268.586
758280006650987
628259464647098.9
650582889002664400
5201991051849.596
5736137777506.219
241115592715429.62
3699584763543.7207
407281026492.9117
1750266550085662.5
4263616369442.462
1577548118247.7505
33099704786224536
10803123023719.39
95998248702729.66
3476972729265480
53580520655.69113
812998255957.3772
117504044191.39153
6522536901823630
4491770759761.099
74915107081.32031
31166979259065.89
930708131513.6006
1084520048466.7937
509016012075427.5
263480170403510.53
2508974039277.8647
568194042685618.5
53386497125666.74
86802791122963.92
39557199825809790
88703421244886.3
26357883548577.645
723925304333.9471
58797877860957.38
360370872435925.9
1169572510006.1445
8045749623286.775
195240698072593
7372912596012913
78521304227619.94
1566414290854255.5
309793221553326.75
304238144147.9052
5216672478850.551
293086037185.3285
1435719728736.5098
201401949391.8653
128130322152520.19
55427230222590430
75699930296084.56
6817643922205.818
801135089599.649
51705046178844.93
7976037226777.966
155205436989352.03
19579683780425144
41363710532541.17
850131037240354.1
5296524807310321e3
626150618854520.1
94464535304572270
175049665572661250
16834869584384.936
3794978679048.6104
165256985444300.25
99227628348803.5
35866812636857732
94107570542214.34
434569685895.59937
28742684242233.625
1938861857091.4358
1813834186176.9346
1585958721476395.8
52021002745997.09
201325372456.3587
926576418473.2734
44813968877.643875
9980872833622.547
519213118557.66223
599634363471.2903
10646782682181090
525041051543.55023
4530943486407.146
1934739491215.5046
25009744729039.61
3679278661604.5522
16867459288.804712
8497034481216006
25632406109484.6
140702855525.31464
118019302704.92041
438499187225674.5
6810602913234.564
40776052894846.914
214292802518838.22
21962235290146.2
112533804943424.31
195469717666773.3
1353418729941.439
300940514178.91046
375619345066.3224
53043066949397170
1101189885731.2988
15684055475817.887
2024351943406.8142
21621857826473004
866158478038.2684
59376463934902.11
7351858008322.379
5059184754721406
159199499157781.7
49620249312715.734
2767921193785.6924
24705232805.766647
21105050290327.402
52609381355.96943
139122020844316.84
1390287428996.7366
8354736201463.875
218370388134343e3
16437153424.472668
1119812770112.6355
21612671911.392624
913072870720.1718
105918811611.61757
222067822255.35278
23868882011363990
97238721284.82065
1005885295707.9265
37282807365738365e3
3170267736356.6265
3771327036336311.5
172425128341.25305
672409070286.0256
3866368555304343.5
165274029546438340
298231729262764.94
26587742931738.664
107339478951863.86
8692589779511.395
6020119139.262239
726936323113.5569
1447053753612.748
3673808138362.7363
17566546993883.02
1828448465640017.5
626764394171.181
179077182108502.03
3168079235019.8604
28151118457409.793
3555919089875086300
210509898222280
125455728618.4934
3944800061635.8535
43784108361448600
278292746467.02936
1406675900959.656
514993766325867.8
4662756717282.863
9944013332472.984
6824641155046.62
2811679613712139e3
1080818913303.2725
132408469066894.06
6530301102.009979
567118052853024.1
59935236867556.945
466094016165357e5
281773193228564.9
7844641931331930
3319807377468853
1015655101356.5654
329745549822.68066
592831867165136.5
6136736455856.191
482914883219.58875
1691707234661.985
9950069668153.615
114617713799.3822
203978470115.88358
41629568721313.95
75273652391728.11
755795302866261.6
28784230383979.12
20083114667499050
669318194385230.5
1182329725142758.5
89601766008184590
34639049443922.492
11738825122112.623
169689242956598.88
31009957015068148
5752261738872998
26126971799039.21
134357353091027.83
515020569302.6865
75155572014.8098
178537886658067.72
3579274701105.5654
25809858680742.133
14840753924308.916
99357392502518
415325364688.4679
27257436763.841606
4038167417405.419
368671395589007.2
8232520442.361749
10290379599732818e3
1670547489563.7263
295096886431016.7
8394207037379.159
41982314906498136
24862881497615.152
5511047125301.947
1889307150969487.2
175564458351.72327
8693176245577.584
23459171776.716515
71270218154930.81
76043675169.07266
11889982372807.045
29176113407.961025
361268859062559.6
405069547798059500
1896574909530.4775
32783821911.999466
21740062156805.562
5926115780662.6045
187724177535.14948
86733237057.53174
1626031102454092
5911159265781101
50907663442115.09
13858066492538.13
89241043817506.12
10182502343065.146
1880683283344646
33004985645.777878
2733660997606.081
9403541966792.865
14212525554174.883
404031783406424.44
87267983221.07938
154559133571006.62
251805376619024.84
4423633066459300
1868171272461137e4
732668377740337.5
5506391567083.357
4412550001088.888
59816685352.15483
2963816901999.0566
148887619082.40897
29058547824043.566
120915160946595.06
5122021616798.578
8481944430141.705
94724757937240.66
15313993213285.04
10263416504434.078
181514750204.6975
245478951968513.28
1263917197091.9492
51458857385.017006
397573888244.0941
160027692610.4492
9556333848240026e3
12291718135412.582
175555463550211620
41191635495507880
2746067289528.01
66929643393.073044
1890368273222.9497
7407759834617468
112124180284167950
203452847457.1979
5154737613447.539
9841163352567498e4
1296980104011.7556
38047366828.25391
3130058276.0100927
500063330815.2114
406270338486506500
6796341886742585e3
456547648167.3005
106971077436466.2
823471598856.2881
223552075037.331
12478212798636.408
87581091821271.5
140208371382.59644
538546935884.95935
4973504062.141062
70343466884.89304
1727497750744.87
2480485501156.5444
54361076639.14775
124103117463665.38
3449972184822.576
174531740133034.94
1252735319273.4966
4727495714650.598
29641482140732652
99677293156313.92
28844343690260200
5866803720017.818
5650118690234869
134761853926.13535
7196205758775.969
8609621915.433466
19406465263578.895
6173225653.397506
89665898995934.06
86449644227.00665
5319822682.643323
56488928236.22145
710309594361.5366
99634995295404.38
8898700638314.695
21081502268.7924
394753805247404.4
73501223827074.31
336737236372410.6
171269527880.66956
2283448701768.4434
347575241364.19714
8499177014.550592
5264321544514050
4904204062265377
2139327307232.465
586804674343.763
32246477803031150
50363895438404470
140962367554.52155
45432573715.314575
81669018340660.84
211766117632.88837
66618512529708.08
146618209768542.25
3293472028464.7827
12847327890236.97
686039590541676900
171118727553.6523
6840292818347.892
209609185912.79816
165402246043276130
3549280598177105
40261843537744.68
341498924763100.75
2273688030791008
6565450506043.696
267966905318095.12
2790827938225946600
7385480967585650
2950620822016.2056
40396594672131.44
10899876060474632
349667932494.8675
418869825249584
5115187190136.244
2894164949502.5654
110411068749264.06
11671146894080495e9
75244643031651.86
16987344479401.533
55128326399372.695
10534231198429406
1054046983092042.9
139572834914378.62
80259563428907.14
239531833082886.75
384478011657.9381
354130250226.79095
138060766470.1007
85287772793.44875
3837264696785.0244
3900852440658860
668579685692642.8
37672265510392005e3
257167052878.13922
99132101888.32169
1339582873694.1523
15521417975101.275
3690410295.707402
762863103431.7605
602103959140.4216
161539859788423.28
11675800839021.02
465995382158729.6
30111389960.596245
193865425508.72552
6191449995907825
1333910035924.9717
4689873213800.823
17787919771516.195
9103992645919.25
