-151.1721907623558
-188.63320158934687
-161.3262387335883
-137.95356078172358
-155.5149406983306
-169.26476204488478
-164.50266751954175
-163.84036349262735
-179.59168857783254
-201.62950676064872
-223.94503618455872
-250.98655970434206
-274.88186425622393
-290.1452682344366
-290.00612459479044
-279.26527272983014
-272.4554372304566
-267.9595970461685
-261.98844826420145
-260.76440571034516
-125.81474679228475
-38.889651563117226
-42.712927191720304
-39.58395259188731
-22.23701617726894
16.079181458030526
22.670180558929676
8.912173997361343
23.99180174218697
12.946934823119541
17.081372301891157
41.16540897704354
38.60146264369204
28.71548261102892
57.24072352505081
41.57739739877784
45.410098228685456
59.11749569677302
65.8169185414624
61.16652869861655
68.70991774719825
48.397870090021314
24.390371220546676
35.29268382837898
45.19672702299099
56.162384576855274
47.06559406886254
31.011480077097506
27.96199584928514
26.23320797345823
37.41412105987266
33.39481645871629
49.65925362702937
49.5179220593877
44.13675843137847
62.2099058894627
45.04556846108481
67.81803503160705
37.21729634977339
48.28150075919309
39.95831151535107
64.83696256807146
60.753527821446205
49.881873483798806
28.43705106061457
35.305800918076336
49.840859568567694
40.99006418250944
45.727629719652306
41.820682473754786
48.71756418997876
45.326552338360614
51.65377432752844
47.49166254349535
53.03837735831082
47.17436849847249
42.68181513312763
39.51956191946698
42.3725962273822
62.51993723874316
66.5490593984785
71.67957158025108
49.567834322949295
44.92929340554919
49.519464083570625
49.25647882967157
56.17588321526005
70.36575789573337
47.623249655965914
55.39105064843832
57.77454510794239
45.12914520365469
66.97368467281575
29.30816337079641
45.328282629988266
55.151385279667814
53.9134655691751
59.838534745899025
54.371476997353454
35.015831279934424
37.17696897862336
39.39369466751903
49.68258394491066
33.11716847892813
25.09124280816868
37.879023512886114
40.49771158476518
54.027630724196776
55.674578743904135
49.89784651110752
34.425312246960566
59.847873960645174
51.19792094181724
55.99563363932809
75.30659520226119
67.53684519583335
46.10655189474501
52.007049187054236
63.934869683939496
85.78397106670974
75.99391881625351
54.003286215237864
69.4995243234934
79.15175482653595
82.32898682086407
70.06340528018794
63.30530546153861
69.14511517040977
57.94954767938038
44.30468097246021
42.90737168905408
48.13312931977785
59.005050442725945
60.3850712752027
39.379677892196824
34.960790255799424
46.44081211998429
40.6972787365062
64.6040630870113
48.88993115803295
49.27398580371108
58.20600933178919
36.87045279171752
49.91666435070976
37.27477900165379
56.071409053595175
54.68986924654412
44.88506158815079
42.07083950777482
51.924978366724496
59.68240960778694
63.39256933273025
58.38370722105052
60.494305881449655
86.4246169932598
72.79766587172114
74.22389789358512
71.18239278053477
78.30257778034809
69.34550530666225
48.04982946395253
60.42587153335012
56.78080180933931
44.61969367219585
52.48905047706609
34.87549629946834
55.138054668254405
42.43720791410419
41.8539945731208
31.93400674454917
65.93994378578296
49.169814706012346
46.50449674760205
47.121587623962654
39.154080975197424
22.954538066399653
28.90857678651509
59.939704012435584
48.722316295597984
56.67209369980465
61.233974331214256
75.24148201380277
53.330335141016775
71.15600810603891
58.91169230461689
56.288560442830786
46.558699360904576
32.86300307504504
47.65141471698088
44.48699292550559
33.26971797851327
52.79431831424814
40.5321667049348
65.20478472802151
55.58036867960313
47.816353277910146
56.56916711525918
64.01942930718913
68.32505106036118
55.93303882128552
40.849347812088084
58.125188255412525
54.70175271112307
47.22735143104728
43.62058246387839
39.29604916333342
58.82226429622952
60.89161340715529
49.8350490786394
45.31607928158482
46.75373803156539
53.312674374837925
62.80838503067525
50.55106197154592
61.315800770519715
69.33976167999177
44.46386766122264
44.45435639391128
58.97848059306915
40.6906584753646
60.2551465385325
65.75831402832887
67.16750979876471
60.44860591837701
35.239115414490755
45.84272031504939
44.353327244782115
43.488461033106134
44.0405539870261
46.34737432113212
56.08641806113731
53.97137084860397
52.17306102999281
68.79198833673935
54.06651215575643
54.27345377794324
61.445800951883534
57.56706215869363
58.33350207728738
55.842384078466125
63.87902598920145
76.00323773933103
70.09848876291915
58.06568180431146
65.16141649284945
39.81499209733059
32.38498215523397
47.56564092346451
52.63833927880121
57.97278051142575
52.63390143579176
74.66243575554452
58.85554168291168
51.1066720627136
55.23255439973224
58.80018788393315
64.81150820769321
53.08225516592593
30.67634100672901
44.814735988708975
57.97036970592518
58.59567084990967
52.15612152594891
46.07198370556624
41.90650688356741
41.54301228453654
47.791949914305945
56.11489017127845
49.64767563508045
53.86019703582781
67.50055423371609
59.59874898251089
68.9702965907772
62.09214288659861
58.26958335874642
43.2333756909551
39.09045877672536
36.8682981713706
55.82908290605338
48.04402378763145
46.37906606248251
61.359228504496116
83.35361599087199
59.59426899464029
40.31042125888955
48.2525013136878
46.71196703861514
34.21614247503454
45.07678460877578
56.14766797222884
48.99777846398305
57.272030710767424
48.31435430779974
44.92453768008683
70.20402774388782
39.7210182871211
42.245979651662516
52.24154634397985
70.38738478981429
57.98497103207818
45.60391674555634
55.09883944752585
53.21190338441771
60.18585194315234
61.28873711605608
53.900178733811806
32.17738235024564
51.43301022712635
52.666004749346
45.63083550306574
38.62071778981981
49.65893296030792
45.03780127970025
57.415197595788705
47.26809410884516
61.82299605604838
52.816813440378965
53.63467427959438
54.92726682930684
60.61330170480908
55.833020976182084
50.804265186725374
45.446121781460974
61.16429473012064
50.15102917815442
64.1409872024272
68.66245587118468
43.37695007977064
39.480714162397334
62.08435883342882
50.03741914780596
58.87699040951903
52.64224385886048
52.21769302367281
39.555705802869426
68.37709677232405
57.92719339031816
59.51472546711408
62.60983890295647
45.83939804418763
38.670016274566564
55.22188597801663
53.8146777855887
41.46990065276887
50.2798689769481
43.2202941878829
55.53950973155183
44.539556142671586
46.32792376840165
59.82808291852583
63.40581296767394
67.27592438011399
70.8937519548191
55.01294746038083
62.713687259101306
58.87290452566248
57.67064658885449
54.538674505167386
61.36356617571368
45.46459024160792
55.950098596164075
63.430920014702544
46.393519172069006
52.9631499324184
44.704654396558496
46.30997824154599
54.06167885267394
50.33963465642847
35.3981932174286
40.08717603115106
46.62340635653625
37.51398593199548
48.42484783305001
63.49249315072088
43.8228776829681
65.75498886764386
50.457034503267344
53.275053024798495
44.874285401363636
47.43565773051652
54.883440275369495
44.45739398064113
41.65078302960409
39.570388213679536
61.47703600343137
57.76771829508689
41.96466971916832
53.05883341172105
51.14186022804658
57.05981284349981
57.17749335788265
51.73260311337802
52.07442268505991
38.65564154483418
65.70193917291144
59.777286614474335
54.030714429438774
42.59594917512167
62.03772740411037
53.58958926409413
51.13173886957347
47.66573976630927
57.44528067329603
57.73546480598138
47.22097848163869
50.94718870252553
63.24553635365111
53.22666317670527
58.01594632267404
68.45629045086179
51.73228649616007
57.786409076083046
51.20737904430183
58.975630436231285
25.17277601596719
48.05311469922697
50.70870745985511
34.86675557761675
53.19287201990433
56.179640313412314
56.85112604750546
55.456382184445886
71.2309713008541
73.55241815435593
58.216169145024466
61.36299887253464
58.70788447123592
68.20254064607883
61.121737230776745
55.91963975048027
56.79303235989164
42.61332037433412
54.19902768696524
70.64541317312887
55.737237526937896
47.4585139065563
79.59823525322054
63.80985128175233
48.538748424848215
35.926962266548884
39.933348567556266
48.63256109883673
56.31128941872705
63.28173540573839
44.97209363861707
47.86237639499413
58.24399004425534
48.92636915867859
50.69690518606945
66.43905151464335
55.07555477825772
49.262858470845586
42.255947336230406
52.83524109240251
40.55574038810731
55.77983308861525
56.76404994020107
59.50547194459349
48.47477582007262
45.55578047362762
54.57511574086817
40.61062362930587
74.06567349519989
69.69071019497923
57.93692685690148
46.855042337608154
61.41325908071363
61.50508586078414
55.70295053375898
68.73914310078632
51.57381027499361
60.80595582801499
67.79201936697848
79.0305439939764
59.53595418700507
51.32658207935189
53.374884396968255
49.22640666982218
60.325064266001434
57.969793237732034
63.38895377966641
65.58405411425107
60.8615113965051
63.826241160268324
76.00070372793822
62.25628736956958
60.9103185324595
69.7222201918278
40.57869998443481
39.615652141115156
58.192031664300515
42.23229639596205
31.972423446653657
60.54989447264634
71.73575482334229
63.57961631919025
68.904475358573
59.972797996127284
44.62404970323393
55.890768806581576
71.29126640240028
52.13341596566321
63.85417323128429
54.67925679387797
70.99878210901096
64.55746623788957
56.48920737099226
58.1585109884647
55.37171951918441
41.98586248474437
56.59317404412738
49.38952707014412
59.22187118724939
63.934231261343186
53.90171038199429
32.43597065802789
52.67159112649483
73.20885930017124
46.924879064188026
29.73680891017125
60.24894297830171
33.35336575211092
57.141715243141874
65.48813003413665
54.63802052131346
69.85396165907011
60.04021164283883
47.48575416787152
54.44156538701817
57.536169727829744
86.31923921183957
69.15025935726838
74.42852074428076
81.96523860467926
59.40687527930096
44.015836380767
49.72127152969799
54.063030994750555
69.21355852929216
82.70911158184589
54.32621026435182
61.01060336046316
68.48650766110596
45.69386514225242
55.677466666330645
66.21996084120448
58.19415323288315
48.399590191321394
47.533890374454685
31.300635407462813
54.19334933941684
60.15279624727472
67.59122362795196
51.98042653176087
38.71699174839094
40.173145591023115
51.424107801406
62.84654118504173
70.39948821898571
60.323590841655175
70.78335257084105
71.72251356089816
58.75954249561667
78.25740048450456
61.971039967197584
67.64629527703724
58.39573231535973
57.57873647644676
54.897113593376375
79.32094930144584
53.922361731780086
39.019956418553015
55.535898931256504
51.30790576012467
61.182514998720634
65.67134299401658
68.98728910810485
51.969071581599
44.78311088408358
68.54217090031695
50.88818295074556
56.16428327642194
46.66665506062756
50.11172131990778
62.126817394827015
31.48527303539516
43.955179502608374
57.94658207565841
50.97064601233181
68.20418075243735
67.35330698296349
64.04993477058937
52.37180925461352
67.95815135470833
66.89060748413911
70.09109088916539
54.91198281761071
52.92445226125422
55.329789094220466
48.59346619235288
63.18732191352697
65.37898225844494
68.31149287484196
60.357186995939394
68.2112601239239
57.472045240094985
53.13052985294693
64.47749746241143
52.810033162263096
44.01377751481979
42.74067232857121
73.3792501181694
67.85645508172973
59.13143842256736
53.64093128063841
54.56471713911225
50.91963285664727
77.11229089641833
65.151372422283
53.3826777204238
47.2760857046062
71.30159887480582
66.45080968372851
80.77767171681192
83.91788813964939
54.783278717228576
59.657915005581856
43.712119096466864
47.900825350004695
54.45126815037063
53.3401505937742
51.60215525233607
56.42604426197759
66.35224821885052
46.162043266721284
62.64488625195241
53.26797468370337
62.42956107139725
52.885272650179814
39.18083214128568
33.49683102771882
41.78969346351157
44.172870739440874
44.612245506982724
31.63840430270093
48.28147675442639
54.90841176769634
62.310468729995875
47.19023281450853
24.051028899402333
46.18603107202005
67.7232437198263
68.263426017239
74.79487727082663
49.38191800798212
50.99192589185938
54.79933865919101
52.34119432894748
47.02066863991597
52.31714147470602
69.76258784676793
44.04992280815607
65.4500791410399
64.55202343436329
59.72602380637721
59.072308872796874
51.55469732394353
55.36807399161736
44.38288843162052
56.68149924170381
64.26322865243829
50.43516130664192
45.73826838767239
64.8932202271547
65.24019494622252
68.82973985908197
59.67728323612344
56.06728197476997
48.370337038639846
51.761379820291296
68.13224115825538
64.88611470265386
62.91206227242178
50.5121980653632
50.04336459420081
70.32342567466537
82.38990890999285
71.3628644825966
57.0445506207594
72.90529886144323
63.85576850675676
67.45001392005007
63.044747318400866
45.39824723304336
59.79773448457378
49.8717684989197
59.23466798848574
65.67716839989482
60.41151343242189
43.4043368451589
68.64137099080631
79.9619703475797
50.46424675325089
29.894353344307675
40.649219842744486
57.619965124797716
52.54179069154818
60.20131749256162
44.509894101844694
57.12045570750514
56.607415344868656
43.89488855837577
61.2982607872282
48.73722847803779
32.47594124499116
44.07454428779991
38.66437758973072
60.14674748168899
62.4990240977432
64.05076832068548
56.06128726737331
48.732863000559334
63.81643456107737
48.642631005454795
56.200165301616906
67.55896362552039
61.40602888063003
46.78927998259328
55.12328098838451
59.346027215619216
56.31986640281388
38.02190276962027
49.138561613683294
38.40892772009624
57.682688405406076
72.74696133157234
75.14307725275562
65.08373278995967
56.0918949306424
56.43753909381646
38.73770591931057
40.570498687457096
65.02521983152634
58.5881425010804
53.87909364525288
41.9278826373333
42.186416788656636
55.18986578140376
75.09585532495142
58.55445895779819
52.08548653393889
33.58157412477113
52.03019313619857
60.80643648465711
55.56445212977944
38.860446593340825
47.123070604176284
51.47196835156426
37.093502962376064
38.56273421039114
59.51326949544279
46.88779758476121
30.96511538597162
46.540678375790975
68.36080141876111
50.540273910788486
49.467719244018475
40.471973052570135
65.88870161805542
59.13676070015918
57.39565208094624
27.17104123943303
48.31386283853389
57.83762183978305
65.28550479637786
46.03908320998556
45.056761610779006
36.14466635939766
57.94282368796689
59.524903904896
42.23798175919677
50.88146891689206
44.21878196483628
60.265749336025316
76.10039384943295
52.411922813432966
53.914348313236644
39.20840585705621
32.69220905444064
58.36687363579419
36.30923867664227
38.13913739242487
52.86038291448568
45.6397097922214
41.311471963139425
31.582939864629164
76.29356979334409
71.0660560788937
50.3107327058364
43.596956131127556
51.47548528114018
71.22215418911102
49.61884156642415
62.716959770140654
66.61281900222107
70.6197343322755
64.72586201392403
74.16240118897458
56.454889219248145
51.24602810911637
47.1926071026657
70.46866083617755
56.470864139014196
53.032465679670295
44.24735209654618
31.296218233605046
42.77193441445722
62.41458619619405
55.59924055030319
55.541589653343074
50.40048391729465
48.300666568608236
45.17119367643253
41.054697772308124
58.41346482590423
53.016392372014685
47.5565300766084
64.57310802799063
53.29749801368995
45.63556200984953
50.36807990340587
54.62629967931763
69.68994934457034
71.88751199023781
57.63140061980384
60.12750761529113
45.76412614038848
50.120215002930976
49.14839192825427
54.28868901298682
64.3989456352544
53.30270571431753
54.323417931374735
54.344737415119916
57.161003333600505
46.43494475896149
61.756862198723695
53.81255856153197
42.80752154976867
58.53141650852892
56.98652226028454
44.613130587668486
64.10522924684352
48.39120629145413
56.589937925133896
62.50502033705771
65.95584039663217
51.64938707118269
49.88516523107166
59.1370669286247
52.933822510664534
39.16082552362312
46.70781676215658
75.141651648256
50.16532922473651
34.329656544684795
37.646136253678925
58.61340650910191
74.31704169936087
63.209580773464324
56.98968138984023
47.743063194639966
46.948529436217605
37.581390780390024
47.62310219026702
48.40676545559276
43.545557834803034
60.4886319625769
63.14596356598281
41.89061698050353
39.044471261450425
48.306541793398054
43.097758963265406
55.69337473801295
48.95334561370972
72.42931599411784
67.39468153221851
43.54377196845381
52.31979286806613
70.43982617451033
65.95676616576044
61.244144206983854
49.79554336390626
46.23199904871531
47.99009768711748
38.156943012537944
44.18930874775145
33.48520182312135
47.05908268835498
49.84356987824987
36.77816635855558
50.48748393031647
48.150858053178204
38.95798433942205
34.665109023392276
45.18686991068651
45.748966739482015
56.23272478564347
33.0053215207077
51.70581345017232
40.67814162169152
44.95325181275551
46.05672376626167
40.809025310167094
38.55311499318947
38.37508800204204
32.33780571232543
54.697297387465454
54.561567159914475
50.001626226797
62.658916512421925
44.77207390283632
41.036104863190744
55.71750766489364
53.72894268247346
49.25917385875593
52.59394079074677
59.30313076545671
51.439431141502475
72.50511981594687
76.43899988821809
60.79055168680662
45.53497991818542
48.490064826729515
37.3865334205422
47.3062849926132
64.87444391299476
56.621109237902445
43.20025060041945
54.045290413176104
55.513504355228285
53.598676689597696
42.76237669951143
52.41951715867639
52.81983434625435
40.31447048155082
40.797521727188816
56.697498538988796
62.9666285220019
50.4776456774446
64.86252610861266
39.22966852868117
36.55258191970365
42.79373033957513
49.12690293559997
66.75535600709937
66.08489757566936
52.553522923267344
72.4168650880714
31.296679764998956
43.43123643308593
70.04609982597665
62.99609906124644
54.93619704287129
56.52683918099909
63.35187730397385
74.31610136456275
56.6255876144758
64.67070397823929
48.54184820943212
59.6263272192228
66.12570288333691
45.96109728335171
52.75464476452629
46.29225948192706
48.96328739222788
40.34445353428307
68.86035230091336
62.85174254424969
67.77516498319076
52.98199265852645
60.24109140238669
60.618603138927675
43.57753591620727
36.02538414706855
39.79367688294654
59.94919058133537
65.21390351970018
36.18100150678915
42.55703977598765
46.77161153700835
54.162567181613994
64.97400940049843
57.29231489433333
72.77535311244411
63.64005103345326
50.83491894498916
44.33689349329234
32.52461653969216
52.473004211272055
46.648785031960756
33.63745277454149
50.06940000124382
53.99608909319194
55.43708158357891
54.23947198665843
67.02271451212877
36.20832936257649
37.59159234144576
63.58036902198134
52.651919778761766
50.66009088576875
62.97084830231347
59.777829696590814
63.283466531994726
55.049938991634725
68.14471408941733
44.80098067399959
42.606155966001005
31.409099393338604
35.402569190513894
68.60267895930224
35.02093262253095
58.214206227087026
54.57188105945039
56.27895436939824
61.07625120640954
59.724285601496405
65.6518003306168
61.19999359315817
55.315366612246706
64.93736874882161
50.658641545410646
46.1921467803041
43.33250912984502
38.315915303731714
42.64341421024067
51.17532410986222
54.85518544487782
56.48500087624299
48.026936379438844
56.93724041862614
65.1742730695261
51.20807789601541
61.921892573823406
59.02450923076012
74.06007713285884
55.82575875850305
68.67763423127053
61.37852485050189
51.81840201020876
51.41772188525379
47.113769243135955
45.58150180632558
48.49445505926004
47.40252136974539
49.43905882665322
42.26577587072674
48.23012127134623
32.98419007982591
39.88435695887022
37.82406266250922
55.975054011309155
64.74972613443212
50.472528494197746
58.319158962369116
49.39925889862722
62.11824337762761
49.298121984005085
40.40484266482417
54.05759414482252
44.239097413209464
53.924519387214936
51.70095442269217
37.09483201208032
43.43489312626714
45.343610770629084
39.30894090402793
44.72651716960537
54.236895579509415
74.62762116400842
64.95721182990498
60.06790945444708
57.61546345576696
57.1191663033309
56.755669502418925
26.090458988637184
43.635262010743624
63.369417646798794
57.86291627084254
54.45727205602904
58.48995428404446
74.78902532268364
64.4154532676312
57.579505903373864
48.174214440660556
50.47922305129378
55.52857455974356
49.300738143880686
64.41151120687731
76.57476532843039
68.79176758983587
69.91862930363536
62.687907248509234
52.313907388773984
56.39866653329903
50.90325525962204
45.78372061842525
56.37550901055455
44.35209438564462
53.61784105743428
63.20430051529547
60.58684837017998
58.352418254790834
27.69920383597106
45.958235144021955
46.98365897749763
57.65868729673017
52.187113021020366
47.71053301714847
30.928176316557582
56.65537836965149
40.71272696973345
45.723155719770254
39.96136657078102
50.324564785014275
51.23333353126977
46.094377202598906
54.53283519571927
49.535677273444016
61.027807286646656
63.177382827077054
59.82667942029185
58.844346289137626
47.58098104369901
47.99884523599503
46.61750069870662
28.838670887802657
32.78025947229859
37.119991945653574
28.4653376313103
44.45206710393506
54.509107920111674
49.974051345190986
46.75009982354591
44.95137974668252
56.95093019748769
45.27505117496294
59.60813169683249
54.13481818635155
40.74646245900977
53.48690166530848
59.952397731356626
71.49132440185315
49.31116259386495
51.99422794291857
52.41767151246209
60.669701416299134
51.440908667492906
65.98341778760289
56.61427461211967
63.74718254047103
42.22128934364069
48.71385397894973
58.6134657373327
63.30196936636442
66.90957954871169
42.79100322077696
46.05026549211337
46.41718076690691
69.26177111299239
51.475143251290845
26.422687125183348
43.31005893146277
56.43347528929668
59.11689920936931
72.05168732808372
63.170656760953534
84.51355129077061
61.7179836286024
42.47744712224362
22.827921214416875
23.32586537863181
52.53216188763753
43.92176518484346
63.254193463302066
50.30092294124364
28.050559115290636
48.09855903898898
74.91271803890574
47.652318389701676
70.97399524891642
57.97504194118088
37.234967086846886
58.93470956773271
64.74480455127107
74.35403538759905
58.666934443001125
50.523538699790286
51.21832516807546
31.811404866840185
45.75783351352289
53.896520880141935
74.32445453745336
47.79361654011369
48.690024850524814
20.02765962292664
32.91736622682067
46.26091079751296
44.18632935967861
50.672147007441076
59.191910815011724
60.42013379218517
51.706236977943774
48.95566386417532
63.67069861779813
51.517950031919526
55.991851865776376
53.633888599953906
49.84470310932347
53.495153454604726
37.08566299239619
47.063654554689045
55.4902874928408
38.64633459084985
46.52990049294176
52.129940466917475
56.25441948119647
53.597646190200756
55.615095596241936
45.85947652945199
59.26078450024881
50.47080655569232
39.986777886012746
45.673379765449326
59.863681399774066
55.861051873224525
47.648274024894626
57.64206951728741
66.51974508437333
61.09421960714006
54.5083960421682
42.75378726325516
64.43647192776154
54.01612985464378
51.15641528627305
69.72694251995728
49.633531924158845
47.286810363017224
49.27135322673604
53.545383025501465
77.24016150821214
63.93316923076485
63.07574101778829
61.730127615674796
42.751818939802156
48.719792642337524
58.89622551393867
57.233086774376176
38.20244375354053
57.52713162773951
54.79446131809713
56.11519979003964
46.01952818201229
68.13484748867272
69.7832558622462
66.15756459462878
58.992238459211386
67.51232936817819
71.22330844895039
66.34189170870707
60.81039517578174
62.11295776954903
72.34488852494809
56.31222119959888
63.50097298135593
45.108652568033136
63.38696948752421
57.87489688010157
39.809212323200576
48.16563401228252
43.664391171221325
54.46045657025505
63.230068148016926
42.70625960042662
36.92125656022094
46.94348467175611
50.10859332978782
45.99070914565583
65.67976991130271
48.666853275539324
72.34672632041665
64.48387752381609
67.5708817797456
65.93143156612444
55.824612888350444
56.39036011958621
48.00349168197659
43.974931653150946
36.164809241879354
44.83906464194723
37.135734895964575
38.036983627768514
38.50183323602465
58.37715309712239
49.91519506247528
58.96346275520179
62.208273595151894
36.68874857221225
45.924805942853325
52.41562319312323
50.55901653601108
61.84893780480324
60.1485482295166
58.881033412091426
69.11105025669077
50.346008188723715
49.82467082826263
47.62276796107702
42.84014236504976
51.071499862679225
40.52223336314918
54.635866090717265
45.77679726018087
44.386636981880244
36.787030762056
57.17771783513153
33.17046098145825
33.609114103187636
51.22877652654171
58.84614478547818
58.40337946009657
35.102382434527
46.69265605686213
64.82565760614332
55.45516906745587
52.91596200990319
26.090310460576827
42.82116763848907
55.77276632304171
36.54175277172922
54.63463378230365
59.33513081328944
56.40972041026981
66.11717286075587
68.51842271621658
51.98464150299463
67.15932380605324
57.188614324505906
54.2190889634464
56.876453671942656
51.514764330861155
55.45717393711107
62.570989241902886
59.739841358883154
41.18471120058726
47.73827142545795
35.08736965550457
33.192536939699764
41.094266198364465
49.15069623042899
55.63795628058336
59.03009057494624
37.03481283087726
50.88044472246368
55.92669704272367
64.59981341723835
55.82627773901127
48.96025263108757
59.069730887119604
77.56986755681832
75.51629837776741
55.95716996012854
57.11459369855769
26.491626922706423
38.175427002932516
40.38373075104189
41.991033779102324
60.11346594008337
66.68903749296587
28.498923277022946
25.211071176004733
47.06349323865169
58.43263799127839
56.68263634478424
72.24243425263282
50.30946725980213
50.18656457617192
66.09808191527551
68.93867017157756
48.489029819603864
49.55149365322147
63.42210602172024
52.12430324955646
43.24308591172478
50.054055488582165
50.53847201009032
48.191321800336695
60.29963759385127
47.94998399635402
64.85827663731848
57.82210130961884
67.54165659816904
63.78330552020894
50.91392416572157
45.804247251644995
61.957022055861735
66.87953281119506
56.30523230733483
56.868342024434355
50.70882905926061
36.144066652990716
47.513497682133874
31.434330481061657
44.80836395289738
65.7055180383659
35.142657403556534
63.835302887287746
67.30284768977327
52.553391961776356
54.96982205375508
66.63273546344418
56.37914236664202
52.598871391880614
59.96366388468534
61.00052800488693
48.18748942258851
75.12920720594128
84.02531507823926
46.15495284994503
60.19200045956437
77.79208493480049
47.029555317515175
52.5949388060767
51.93347121055908
43.63684073882736
61.976202652074846
66.88264280836125
57.19333887675815
52.87467368385079
56.68646188571895
52.487867815764275
47.954200510080625
46.18515761590865
63.36005669499559
76.0650547896072
71.21808716109356
49.60755361758761
49.96545899343255
79.43472101657488
51.31543989355659
49.081325690113374
55.374508956374804
58.128002613883915
60.17768427337183
47.25004176769203
36.27441337356862
52.98449066830185
47.85909499844851
56.60322005729395
65.47301381930066
55.254580808158025
45.68746437357259
55.51801015803773
60.750170113473146
49.89074124683883
56.44210502304401
56.976141996122
52.28152341887747
74.0608147815173
47.671635991644585
46.507752744560946
61.75021629155714
48.88080566475776
54.818616192704056
65.07166895327717
62.194355198462674
46.50714362129328
64.99714818272304
56.647088063219385
51.17382142226825
45.05365965671608
60.7686552807166
37.72514058210812
40.325796789145684
41.21902193387235
51.778805012248164
49.803129175755075
35.6072151912051
26.454472754905233
39.24951039228923
46.55929683908006
48.62209024197571
46.32438863320702
43.91021095444715
48.16507762395926
56.97225183021632
51.59684644818947
49.59573057820552
58.04000101450046
45.1982749209907
48.11328250913647
53.962175353391295
36.98196222480676
41.71845265588067
49.948450571119636
53.90565625306355
49.67610316982982
66.56844714396024
63.78313730809785
54.240030504775795
61.614176757852405
47.72010194888014
54.55645838302564
67.72857252108705
59.874890606280076
62.651640743206855
55.97292520897405
36.21098899069496
44.808831001424
60.25586896833898
70.19410861439985
57.878975862682566
48.93361410936116
50.9307441912806
63.34537379700579
41.541529050418035
50.94914685478846
56.50552469849042
64.72529458134063
61.82008015592509
59.73600216188203
50.63326933418898
62.26278291269026
51.1528571394342
54.25087485843673
42.07334997400184
60.29460515666939
47.56226595644622
57.20823727037337
75.60838529626847
59.65526223272398
38.269943458448786
46.409439495873116
42.88134258903661
25.969512980570038
43.144674433941304
37.34125646881465
40.97067410222347
35.429384209694824
57.160987709095
54.354113765596345
38.44142848043676
53.2458153657622
55.96726175716776
37.402247946767716
57.22653097762037
39.24855553758218
45.21710792740452
43.62797675681301
49.332488308323995
51.791174181464584
70.83817450233076
48.93186456224298
53.71908114219744
64.99719774449196
53.12990117018499
54.33355073754886
31.810026101711323
43.62798814274039
61.2833213535594
69.34321306816251
39.063213492591814
58.60865623447384
61.14173517821882
54.752164441475955
56.54407329406415
55.20791527292771
46.86479488641503
45.88212646931753
42.770168875221515
54.4817057522218
69.43350711104132
36.331545565975674
43.76889083186214
28.90997964054664
55.22257067315584
60.379750447729926
63.139821557222
40.61943259002615
69.05704649284961
54.01973497319444
50.87762360345261
62.91905145978201
69.71433389187783
43.214237308246005
49.50281381869514
55.15432009615452
63.612501362968395
64.09455042643839
63.29244790433683
71.60079095988743
79.91893306688809
51.29908621956935
48.88575260078616
39.9679868714304
58.27962885369553
62.549612600669526
73.6963909398053
55.03552771616236
39.77154397969309
53.77378524453526
41.092123836709845
47.08283583215009
58.259450340332805
62.935546687727026
62.244415663695634
39.86491060441574
51.52329300370366
44.76362815348832
51.348279103281996
65.71005473376115
60.50024490642273
65.86465785742827
56.00947179769896
45.53295238813836
39.24123369145953
68.99855726850527
56.08276931295002
55.25876922184656
75.07124784583895
63.177559603235565
62.19145512661642
52.88746567173399
61.28440251348082
47.65162269619741
67.73119307602346
48.01050331434746
53.93890159141226
59.175077287994185
63.32038764259015
73.89607174365763
62.63471169952314
51.807421900194555
32.471357286693
44.654246645552135
43.03600652588766
74.13554260891286
58.69864081547041
54.01918819546776
45.798689452391855
48.159964017468184
50.523901674505666
60.277775136084784
71.31031592355045
67.24845418469468
54.31815823163685
58.37713466351849
64.47901342421886
49.4919223991336
37.269786106885704
40.28912526648741
26.318879617589303
25.686619914192317
41.27695974165668
47.51406769866989
59.22564576765956
56.56243881477916
58.84472298627804
70.87775537848736
68.06370314672932
43.532423843083166
48.52046101406572
46.083981500730125
58.04035855495301
51.75707301942839
55.90117899952516
53.72855838990904
55.28642311850517
84.07543915358424
60.76243588547774
64.97295234057668
72.13828835413783
41.57178656828535
45.382177788526796
63.11561364992771
43.11900570408636
65.46721557790441
58.94864675862079
45.640802599051625
48.48332275086952
48.430149960567334
40.346166596151406
46.1381760963024
57.6390438110716
59.09058868126952
41.45676275301299
50.19740567957109
28.361504862060862
37.92228573237274
36.086140584474435
39.988471798470925
31.24730628634669
45.25136622653024
51.844802292801894
44.684884809319556
43.04951030614457
64.40005227841473
60.47165918554731
64.4443829742732
36.230635031536266
42.99706594462663
58.16596110071977
56.33099643066656
62.69947524684751
63.3620994513282
59.924273125799644
45.911309701991925
66.51600550138153
64.71079788699387
62.94105602066755
58.226385452694416
65.29355816543325
48.484074943169446
38.03868165869508
39.683737702613755
54.75980963541184
50.652446066856136
59.40743046082853
46.30829834958278
48.672494771929294
52.80049727365194
51.5426689731885
47.07839345931111
63.33076893328057
47.707713101106165
48.48293017640647
42.224704193289114
40.504527322291345
37.13330567677916
55.445392639789674
70.23900669947689
64.23267877513469
68.23241039131045
45.61422565454373
63.90289156013174
66.23993615382912
53.53818656633112
59.3298029713178
85.97758726666252
64.98462341716557
67.56334041613155
57.193369826681476
54.02718415516622
46.76762964334366
39.86510284756055
55.94257218354536
56.30340071209883
53.29432704166655
40.54553430230021
44.13509846062685
54.669216127941084
43.91265933751137
52.18072875553641
44.17618520670666
42.97668349793324
32.27921862388162
48.21353118392064
60.254733432353504
50.33554729960664
44.17046324961002
43.65269777476694
67.03529728125659
59.29772871902275
55.62682465728217
40.657758454273704
52.76944494097896
64.45947873438243
52.22400173526165
68.36877217233369
50.8234494961399
40.445684860462535
52.18026728684948
73.51463439096804
62.658374026916945
45.39898826007007
36.50123829516352
63.389674836498585
47.414852036563495
46.31732713280685
56.38124429140305
80.10517774999344
51.292864343981755
58.05182667083316
59.89004442713587
55.09020931922373
69.58007609294945
59.45012214012243
50.349973009101106
46.56043211283398
45.640388339974905
47.37376584907338
61.31471571144956
61.51514115254505
68.29196526873136
59.14244848967685
37.239518823730506
47.85585488893555
61.44635579784886
37.474884161275284
48.34278780938071
52.49751505001151
50.3249904067047
63.76787986752693
61.25973152992199
41.71452537972752
45.843356501569545
45.06874256022108
50.141930774017645
57.34397929731095
65.56269762189316
77.18019587274487
47.34528325469434
53.31915997654316
59.06448248961039
32.69221077144191
44.05429429335886
42.14133419670193
36.88043586515641
48.414340929964794
50.8285527465234
28.065620557451748
51.4140369612199
64.13144056109422
32.78953357391565
50.33740165418526
44.48473355338196
31.939501020642535
58.78497322975396
51.91088489479715
48.18075143637674
49.63360506133871
43.24207504338454
47.646089995011494
56.77424570690624
56.14783748044111
49.843688567596104
46.17528456954262
48.436047098249645
45.38914366211332
57.40516050614244
47.66031899363866
36.362693524261736
49.50601204899797
48.68180342433758
49.44296322800286
58.364818520862784
62.0018370728331
53.87029591474955
66.63780156573404
83.40957370169163
65.0701427318129
50.89428152531591
59.39243650264034
67.343763532555
55.485611425846585
59.91162115734646
72.62751909920254
52.07119276298707
63.20986156133705
62.72452951985025
62.444806997135224
34.430262845329935
45.49859612450348
62.389278787596595
60.135101919442135
42.00230975050592
29.99343080826504
64.16402684715175
62.55562938978406
55.97313396163809
58.95205645936289
61.24226861044139
61.25518554449301
71.58630570981175
48.034935434522225
55.14246166201724
42.834042028493215
61.07806195533493
55.27092397398411
64.27549287456958
63.529573938232076
79.94954023093682
51.1312567053109
55.645760895698025
83.68552020628503
90.20104709408722
55.297921486142506
68.58833034796615
49.95265521019806
56.44165776537093
77.32836403990049
66.18143149612445
49.18146872381689
64.51318391129355
40.71720835770262
47.38982880142528
40.82164214306101
64.48237378215859
51.39219922822443
60.30603947512135
37.49109413800223
62.26520111228646
77.99699638294774
67.15113733580546
58.91498907911121
39.88383910446787
61.53550838282418
57.513456607566
57.83517556692721
67.23832784567436
38.10968944620683
32.91706773172302
59.08680227493429
69.69168812893328
60.172267096138725
49.19282763322269
55.98885825872959
31.798420234553184
32.95050306326655
26.755218434167098
38.26210106143313
45.942298362735244
36.073271737554734
35.876479922332166
51.880231846550885
59.57722276736321
61.829478419379384
52.439230674269396
55.876260211311006
52.082278168070005
59.853662561540645
74.53013854361978
75.56432596739832
71.63944116259316
55.19382015335968
66.35660487006969
57.21410617718469
60.29651316904858
60.71485524035289
40.23852534922229
47.50575857587539
46.21515862221592
56.10637462472959
48.55378847624061
69.04194631141503
72.09734147923976
62.75711104994135
47.00273862685269
49.09490650156067
44.47326594631526
31.483373852567844
43.65490565390927
58.224654628897866
44.54914125058538
55.28985411399891
66.89937273158363
69.14978462727805
63.938411296959885
73.12067956934249
52.649211828196435
56.69262526753563
61.609555361856394
63.14198851333473
49.254330602408835
57.780436785122085
46.9389613049188
38.938720021274705
61.82534208947085
44.109873915293235
52.45651672442196
50.16426695809261
63.13034782368049
45.43004167187746
37.17796885704772
40.07257983823469
51.587508667026086
31.511129633205655
43.98428283389663
44.1372585430881
37.05518987256565
37.46320700147057
43.05042635378104
40.207653032721744
48.118951315400636
48.80551625959161
63.73571453387274
85.15290196290323
57.16411229243342
64.26318849659819
